{
    "w": 1080,
    "h": 1920,
    "fl_x": 1761.5265184393074,
    "fl_y": 1770.7711328201008,
    "cx": 576.5753497362166,
    "cy": 1009.0124117649787,
    "k1": 0.04636672589377555,
    "k2": -0.03525580626600079,
    "p1": 0.0053700229316373214,
    "p2": 0.003319020127823014,
    "camera_model": "OPENCV",
    "frames": [
        {
            "file_path": "././dataset/custom/cup/img/000001.png",
            "transform_matrix": [
                [
                    -0.005119415773742695,
                    -0.9998310057581642,
                    -0.01765648625161234,
                    0.32115030018469276
                ],
                [
                    0.9987522344409365,
                    -0.0042351604505474535,
                    -0.04975979918764425,
                    -4.8818548457312545
                ],
                [
                    0.049676612015838166,
                    -0.017889196197032994,
                    0.9986051326115102,
                    -0.09663222340743494
                ],
                [
                    0.0,
                    0.0,
                    0.0,
                    1.0
                ]
            ],
            "colmap_im_id": 1
        },
        {
            "file_path": "././dataset/custom/cup/img/000002.png",
            "transform_matrix": [
                [
                    -0.005094299841207038,
                    -0.9998410246394879,
                    -0.017087233742971848,
                    0.31979938804347935
                ],
                [
                    0.9987102771138568,
                    -0.004223857747751573,
                    -0.05059586359466653,
                    -4.880576293379777
                ],
                [
                    0.05051564605437824,
                    -0.017322946446428695,
                    0.9985730243853591,
                    -0.09434513872848338
                ],
                [
                    0.0,
                    0.0,
                    0.0,
                    1.0
                ]
            ],
            "colmap_im_id": 2
        },
        {
            "file_path": "././dataset/custom/cup/img/000003.png",
            "transform_matrix": [
                [
                    -0.005022330959643134,
                    -0.9998534561506722,
                    -0.01636589182683114,
                    0.319637345383524
                ],
                [
                    0.9986795424736662,
                    -0.004178334207124333,
                    -0.05120266563219401,
                    -4.87680024215419
                ],
                [
                    0.051126780030826276,
                    -0.016601438094614066,
                    0.9985541771065154,
                    -0.09606241337626047
                ],
                [
                    0.0,
                    0.0,
                    0.0,
                    1.0
                ]
            ],
            "colmap_im_id": 3
        },
        {
            "file_path": "././dataset/custom/cup/img/000004.png",
            "transform_matrix": [
                [
                    -0.004145190826074,
                    -0.9998837820538079,
                    -0.014671052409040592,
                    0.31565511200981816
                ],
                [
                    0.9985828588595683,
                    -0.0033604847783775095,
                    -0.053112909296193486,
                    -4.793545990750283
                ],
                [
                    0.053057434774655444,
                    -0.014870424601458994,
                    0.9984807354612836,
                    -0.10800107772621961
                ],
                [
                    0.0,
                    0.0,
                    0.0,
                    1.0
                ]
            ],
            "colmap_im_id": 4
        },
        {
            "file_path": "././dataset/custom/cup/img/000005.png",
            "transform_matrix": [
                [
                    -0.0025811185748462724,
                    -0.9999038333600604,
                    -0.013625779198238545,
                    0.3188143863918717
                ],
                [
                    0.9984947927250143,
                    -0.0018304982396544459,
                    -0.054816039415716195,
                    -4.699337272624345
                ],
                [
                    0.05478582597655449,
                    -0.01374675627379742,
                    0.9984034955688086,
                    -0.09940152679421094
                ],
                [
                    0.0,
                    0.0,
                    0.0,
                    1.0
                ]
            ],
            "colmap_im_id": 5
        },
        {
            "file_path": "././dataset/custom/cup/img/000006.png",
            "transform_matrix": [
                [
                    -0.0009934896994654198,
                    -0.9999255468394957,
                    -0.01216197993554246,
                    0.31638327677447986
                ],
                [
                    0.9984088276198112,
                    -0.0003061298032320152,
                    -0.05638899906344889,
                    -4.595830178808021
                ],
                [
                    0.056381077579726366,
                    -0.012198650018713312,
                    0.9983347970639259,
                    -0.04708592171130669
                ],
                [
                    0.0,
                    0.0,
                    0.0,
                    1.0
                ]
            ],
            "colmap_im_id": 6
        },
        {
            "file_path": "././dataset/custom/cup/img/000007.png",
            "transform_matrix": [
                [
                    0.0012462877863125166,
                    -0.9999482385885436,
                    -0.010097866627294219,
                    0.31870670028717385
                ],
                [
                    0.9983791983015443,
                    0.0018187582532356588,
                    -0.05688293695988231,
                    -4.485710124207731
                ],
                [
                    0.056898358197045945,
                    -0.010010607478331237,
                    0.9983297874812688,
                    0.048124802028247766
                ],
                [
                    0.0,
                    0.0,
                    0.0,
                    1.0
                ]
            ],
            "colmap_im_id": 7
        },
        {
            "file_path": "././dataset/custom/cup/img/000008.png",
            "transform_matrix": [
                [
                    0.0042205766837496205,
                    -0.999963410027563,
                    -0.007440788836187945,
                    0.3446973845669957
                ],
                [
                    0.9983435159489482,
                    0.004640462846888757,
                    -0.057347103390311356,
                    -4.360805964199958
                ],
                [
                    0.057379533765524834,
                    -0.007186425440703828,
                    0.9983265720165101,
                    0.19695329231019057
                ],
                [
                    0.0,
                    0.0,
                    0.0,
                    1.0
                ]
            ],
            "colmap_im_id": 8
        },
        {
            "file_path": "././dataset/custom/cup/img/000009.png",
            "transform_matrix": [
                [
                    0.0061206133835395565,
                    -0.999970210102268,
                    -0.004702871445732565,
                    0.35573646561676464
                ],
                [
                    0.9983507133623909,
                    0.006379026487750976,
                    -0.05705401957683465,
                    -4.226025041274607
                ],
                [
                    0.05708231968494707,
                    -0.0043459094668920235,
                    0.9983600161516342,
                    0.35896899790299114
                ],
                [
                    0.0,
                    0.0,
                    0.0,
                    1.0
                ]
            ],
            "colmap_im_id": 9
        },
        {
            "file_path": "././dataset/custom/cup/img/000010.png",
            "transform_matrix": [
                [
                    0.006070145447928124,
                    -0.9999781898259634,
                    -0.0026025384974185076,
                    0.3455313594913877
                ],
                [
                    0.9985434561752081,
                    0.006200924509762183,
                    -0.053595845593614994,
                    -4.0872289171146035
                ],
                [
                    0.053610814803651194,
                    -0.002273413207883369,
                    0.9985593182823317,
                    0.4358285946605061
                ],
                [
                    0.0,
                    0.0,
                    0.0,
                    1.0
                ]
            ],
            "colmap_im_id": 10
        },
        {
            "file_path": "././dataset/custom/cup/img/000011.png",
            "transform_matrix": [
                [
                    0.005172779825496433,
                    -0.9999866209706358,
                    1.511974834824441e-05,
                    0.3324143939539198
                ],
                [
                    0.9990832215314606,
                    0.005167464120701354,
                    -0.042497220719475856,
                    -3.9195178704734976
                ],
                [
                    0.04249657401715485,
                    0.00023493465286588276,
                    0.999096584921855,
                    0.45808322571586313
                ],
                [
                    0.0,
                    0.0,
                    0.0,
                    1.0
                ]
            ],
            "colmap_im_id": 11
        },
        {
            "file_path": "././dataset/custom/cup/img/000012.png",
            "transform_matrix": [
                [
                    0.004329432364847184,
                    -0.9999864561121664,
                    0.0028885303578973344,
                    0.3254704893022827
                ],
                [
                    0.999536501369696,
                    0.004240404512108909,
                    -0.030146333097099864,
                    -3.735442182893382
                ],
                [
                    0.03013367626138281,
                    0.0030177080382249055,
                    0.9995413223039707,
                    0.43682500032485433
                ],
                [
                    0.0,
                    0.0,
                    0.0,
                    1.0
                ]
            ],
            "colmap_im_id": 12
        },
        {
            "file_path": "././dataset/custom/cup/img/000013.png",
            "transform_matrix": [
                [
                    0.003533994660243416,
                    -0.9999806267843836,
                    0.0051241523838392,
                    0.3228205364088656
                ],
                [
                    0.999743168830644,
                    0.003418354935706926,
                    -0.022403375325972065,
                    -3.5227693124549466
                ],
                [
                    0.02238542512895873,
                    0.0052020097505639145,
                    0.9997358810387628,
                    0.47193768851127804
                ],
                [
                    0.0,
                    0.0,
                    0.0,
                    1.0
                ]
            ],
            "colmap_im_id": 13
        },
        {
            "file_path": "././dataset/custom/cup/img/000014.png",
            "transform_matrix": [
                [
                    0.0027208220547742037,
                    -0.9999692978085288,
                    0.007348507852879945,
                    0.33458193714701795
                ],
                [
                    0.9998272299590922,
                    0.00258516546756949,
                    -0.018407258129167648,
                    -3.286029418438842
                ],
                [
                    0.018387695877264677,
                    0.0073973211247633525,
                    0.9998035668472594,
                    0.5179248535753609
                ],
                [
                    0.0,
                    0.0,
                    0.0,
                    1.0
                ]
            ],
            "colmap_im_id": 14
        },
        {
            "file_path": "././dataset/custom/cup/img/000015.png",
            "transform_matrix": [
                [
                    0.0018979123314285722,
                    -0.999958212924602,
                    0.00894261334391546,
                    0.34078344352668094
                ],
                [
                    0.999899824609744,
                    0.0017722170086981012,
                    -0.014042791470259261,
                    -3.0151181458092267
                ],
                [
                    0.014026356411603,
                    0.008968369501232911,
                    0.9998614052328973,
                    0.554066724262839
                ],
                [
                    0.0,
                    0.0,
                    0.0,
                    1.0
                ]
            ],
            "colmap_im_id": 15
        },
        {
            "file_path": "././dataset/custom/cup/img/000016.png",
            "transform_matrix": [
                [
                    0.0020571366593315553,
                    -0.9999458668981658,
                    0.01019958146399544,
                    0.3322562090962782
                ],
                [
                    0.9999526058289042,
                    0.0019598768703447175,
                    -0.009536507675104196,
                    -2.7343597455147686
                ],
                [
                    0.009516001510564595,
                    0.010218715962826884,
                    0.9999025070272213,
                    0.5741183202780996
                ],
                [
                    0.0,
                    0.0,
                    0.0,
                    1.0
                ]
            ],
            "colmap_im_id": 16
        },
        {
            "file_path": "././dataset/custom/cup/img/000017.png",
            "transform_matrix": [
                [
                    0.00247167953022604,
                    -0.9999366275106786,
                    0.01098324919457195,
                    0.3142632088668215
                ],
                [
                    0.999992001881625,
                    0.0024369827714692156,
                    -0.0031713227132487646,
                    -2.4615745079730917
                ],
                [
                    0.0031443557495720604,
                    0.010990999842678826,
                    0.9999346533395961,
                    0.5564170662158826
                ],
                [
                    0.0,
                    0.0,
                    0.0,
                    1.0
                ]
            ],
            "colmap_im_id": 17
        },
        {
            "file_path": "././dataset/custom/cup/img/000018.png",
            "transform_matrix": [
                [
                    0.0026452967216213834,
                    -0.9999245641419111,
                    0.011994516699881263,
                    0.30564147148142945
                ],
                [
                    0.9999877048744329,
                    0.0026953926166007345,
                    0.004162326105251082,
                    -2.219763455190715
                ],
                [
                    -0.0041943420483622415,
                    0.01198335863819178,
                    0.9999194000570896,
                    0.5607622767237428
                ],
                [
                    0.0,
                    0.0,
                    0.0,
                    1.0
                ]
            ],
            "colmap_im_id": 18
        },
        {
            "file_path": "././dataset/custom/cup/img/000019.png",
            "transform_matrix": [
                [
                    0.0023749403718851037,
                    -0.9999358328758153,
                    0.011076542293492277,
                    0.2663069764351335
                ],
                [
                    0.9998978592041995,
                    0.0025306685399725595,
                    0.01406651611451761,
                    -1.9854135147205885
                ],
                [
                    -0.01409364456374506,
                    0.01104200378963556,
                    0.9998397088209794,
                    0.4690473928057071
                ],
                [
                    0.0,
                    0.0,
                    0.0,
                    1.0
                ]
            ],
            "colmap_im_id": 19
        },
        {
            "file_path": "././dataset/custom/cup/img/000020.png",
            "transform_matrix": [
                [
                    0.0030405552864238767,
                    -0.9999483136582322,
                    0.009701805791071591,
                    0.2309614497160999
                ],
                [
                    0.9995933011703244,
                    0.003314283741519332,
                    0.02832397886409102,
                    -1.7488949541332037
                ],
                [
                    -0.028354669438435953,
                    0.009611739454342856,
                    0.9995517131122824,
                    0.5114389489154785
                ],
                [
                    0.0,
                    0.0,
                    0.0,
                    1.0
                ]
            ],
            "colmap_im_id": 20
        },
        {
            "file_path": "././dataset/custom/cup/img/000021.png",
            "transform_matrix": [
                [
                    0.0031433110953964566,
                    -0.9999466960649884,
                    0.009834867770905543,
                    0.23297398425079285
                ],
                [
                    0.9990684852246019,
                    0.0035635252771687716,
                    0.04300538476305518,
                    -1.4773914483538033
                ],
                [
                    -0.043038139206719866,
                    0.009690527143175353,
                    0.9990264322115359,
                    0.5661657289626026
                ],
                [
                    0.0,
                    0.0,
                    0.0,
                    1.0
                ]
            ],
            "colmap_im_id": 21
        },
        {
            "file_path": "././dataset/custom/cup/img/000022.png",
            "transform_matrix": [
                [
                    0.003444876757948624,
                    -0.9999415552504186,
                    0.0102478733158011,
                    0.20900744770646054
                ],
                [
                    0.9983406524563482,
                    0.0040280661297484215,
                    0.0574431574366134,
                    -1.1893661872832653
                ],
                [
                    -0.05748107929706719,
                    0.010032983934430298,
                    0.9982961808783082,
                    0.6881294608770024
                ],
                [
                    0.0,
                    0.0,
                    0.0,
                    1.0
                ]
            ],
            "colmap_im_id": 22
        },
        {
            "file_path": "././dataset/custom/cup/img/000023.png",
            "transform_matrix": [
                [
                    0.004405292971812618,
                    -0.9999320118931708,
                    0.010796526529770567,
                    0.17702535548501158
                ],
                [
                    0.9972813457320814,
                    0.005187269669769425,
                    0.0735051677651424,
                    -0.9472068049782643
                ],
                [
                    -0.07355617478255064,
                    0.010443362707894022,
                    0.9972363939040283,
                    0.7698816053087615
                ],
                [
                    0.0,
                    0.0,
                    0.0,
                    1.0
                ]
            ],
            "colmap_im_id": 23
        },
        {
            "file_path": "././dataset/custom/cup/img/000024.png",
            "transform_matrix": [
                [
                    0.004410488303281617,
                    -0.9999181410710966,
                    0.0120107764049332,
                    0.15371218598295755
                ],
                [
                    0.9960072620945556,
                    0.005463544672125916,
                    0.0891049018546279,
                    -0.7408135307434599
                ],
                [
                    -0.08916322923623726,
                    0.011569824395312516,
                    0.9959498269067715,
                    0.812830289218566
                ],
                [
                    0.0,
                    0.0,
                    0.0,
                    1.0
                ]
            ],
            "colmap_im_id": 24
        },
        {
            "file_path": "././dataset/custom/cup/img/000025.png",
            "transform_matrix": [
                [
                    0.0037907683149887355,
                    -0.9999072458504801,
                    0.013081657818856675,
                    0.1410678091201788
                ],
                [
                    0.9943094640412565,
                    0.005161630804314526,
                    0.10640510930133511,
                    -0.539869175667031
                ],
                [
                    -0.1064627624738866,
                    0.01260385905774608,
                    0.9942368042590665,
                    0.812478029936109
                ],
                [
                    0.0,
                    0.0,
                    0.0,
                    1.0
                ]
            ],
            "colmap_im_id": 25
        },
        {
            "file_path": "././dataset/custom/cup/img/000026.png",
            "transform_matrix": [
                [
                    0.003782022157978695,
                    -0.9998977181939274,
                    0.013793094611937706,
                    0.13439422255353597
                ],
                [
                    0.9924399751645622,
                    0.005445160150375546,
                    0.12261013794258532,
                    -0.32457559898159577
                ],
                [
                    -0.12267270276536502,
                    0.013225104215622232,
                    0.9923590603278263,
                    0.7907306706174717
                ],
                [
                    0.0,
                    0.0,
                    0.0,
                    1.0
                ]
            ],
            "colmap_im_id": 26
        },
        {
            "file_path": "././dataset/custom/cup/img/000027.png",
            "transform_matrix": [
                [
                    0.003119599776521971,
                    -0.9998866901703821,
                    0.014726673668975428,
                    0.11489167699017909
                ],
                [
                    0.9906845293825297,
                    0.005095145929292106,
                    0.13608160320217724,
                    -0.11502074463297636
                ],
                [
                    -0.1361412183703008,
                    0.014164967634180752,
                    0.9905881699034028,
                    0.741035447156821
                ],
                [
                    0.0,
                    0.0,
                    0.0,
                    1.0
                ]
            ],
            "colmap_im_id": 27
        },
        {
            "file_path": "././dataset/custom/cup/img/000028.png",
            "transform_matrix": [
                [
                    0.0018917958952716037,
                    -0.999883051033486,
                    0.015175815110171223,
                    0.10385329743881135
                ],
                [
                    0.9893734865952861,
                    0.004077810028796676,
                    0.14533917396096716,
                    0.09972549106606114
                ],
                [
                    -0.14538406078582983,
                    0.014739597054754004,
                    0.9892654947728067,
                    0.6513030657078394
                ],
                [
                    0.0,
                    0.0,
                    0.0,
                    1.0
                ]
            ],
            "colmap_im_id": 28
        },
        {
            "file_path": "././dataset/custom/cup/img/000029.png",
            "transform_matrix": [
                [
                    0.00019388233169912057,
                    -0.9998808280649002,
                    0.015436712016843794,
                    0.09980679643463247
                ],
                [
                    0.9876720866235352,
                    0.0026078850152115684,
                    0.15651532909098573,
                    0.32495940270197976
                ],
                [
                    -0.15653693402629806,
                    0.015216064011331895,
                    0.9875548894525555,
                    0.5422715941772727
                ],
                [
                    0.0,
                    0.0,
                    0.0,
                    1.0
                ]
            ],
            "colmap_im_id": 29
        },
        {
            "file_path": "././dataset/custom/cup/img/000030.png",
            "transform_matrix": [
                [
                    -0.0031291277547411296,
                    -0.9998727432946939,
                    0.015643074372955514,
                    0.08266579011420042
                ],
                [
                    0.9844394304539791,
                    -0.00033161651810482187,
                    0.17572392494458489,
                    0.5723683831192459
                ],
                [
                    -0.17569637539499694,
                    0.01594952183697771,
                    0.984315191605937,
                    0.4713036086719558
                ],
                [
                    0.0,
                    0.0,
                    0.0,
                    1.0
                ]
            ],
            "colmap_im_id": 30
        },
        {
            "file_path": "././dataset/custom/cup/img/000031.png",
            "transform_matrix": [
                [
                    -0.006101634925013261,
                    -0.9998686299075837,
                    0.015016423607948215,
                    0.06626615086977632
                ],
                [
                    0.980650327933646,
                    -0.0030445973077278363,
                    0.19574387538532667,
                    0.7845089203230489
                ],
                [
                    -0.1956724415314389,
                    0.015920218401933514,
                    0.9805400768307029,
                    0.4028421921404427
                ],
                [
                    0.0,
                    0.0,
                    0.0,
                    1.0
                ]
            ],
            "colmap_im_id": 31
        },
        {
            "file_path": "././dataset/custom/cup/img/000032.png",
            "transform_matrix": [
                [
                    -0.01099150047709972,
                    -0.9998295987749466,
                    0.014831059665156559,
                    0.07727785579686693
                ],
                [
                    0.9768403270869096,
                    -0.00756681987455123,
                    0.213835728103902,
                    1.050115601273727
                ],
                [
                    -0.2136870662768379,
                    0.01683795268183201,
                    0.9767570430027532,
                    0.32729740587859785
                ],
                [
                    0.0,
                    0.0,
                    0.0,
                    1.0
                ]
            ],
            "colmap_im_id": 32
        },
        {
            "file_path": "././dataset/custom/cup/img/000033.png",
            "transform_matrix": [
                [
                    -0.016315438642592047,
                    -0.9997578665501853,
                    0.014765321971483546,
                    0.08548522199765742
                ],
                [
                    0.9749166332686,
                    -0.012628221382527142,
                    0.2222118048190331,
                    1.3277898129030732
                ],
                [
                    -0.2219715401535026,
                    0.018020441052750205,
                    0.9748866083120364,
                    0.26188754003790904
                ],
                [
                    0.0,
                    0.0,
                    0.0,
                    1.0
                ]
            ],
            "colmap_im_id": 33
        },
        {
            "file_path": "././dataset/custom/cup/img/000034.png",
            "transform_matrix": [
                [
                    -0.021785564905398916,
                    -0.9996547339751548,
                    0.014690200911333306,
                    0.06505532914034065
                ],
                [
                    0.9735789025855605,
                    -0.01787190647357701,
                    0.22765042367475538,
                    1.6546187393168255
                ],
                [
                    -0.22730928182115345,
                    0.019261562762725226,
                    0.9736321084464548,
                    0.2123012845250131
                ],
                [
                    0.0,
                    0.0,
                    0.0,
                    1.0
                ]
            ],
            "colmap_im_id": 34
        },
        {
            "file_path": "././dataset/custom/cup/img/000035.png",
            "transform_matrix": [
                [
                    -0.028178872959042978,
                    -0.9994901297868707,
                    0.015014379020877983,
                    0.047516331261463256
                ],
                [
                    0.9721273513981112,
                    -0.023903812008712787,
                    0.23323168831688615,
                    1.9835984999413931
                ],
                [
                    -0.23275386953271288,
                    0.021168094625558125,
                    0.9723052751000955,
                    0.13347332644936905
                ],
                [
                    0.0,
                    0.0,
                    0.0,
                    1.0
                ]
            ],
            "colmap_im_id": 35
        },
        {
            "file_path": "././dataset/custom/cup/img/000036.png",
            "transform_matrix": [
                [
                    -0.033799695658458445,
                    -0.9993110259449607,
                    0.015331470843523107,
                    0.040853300179621944
                ],
                [
                    0.9702910323204001,
                    -0.029133296823080083,
                    0.24018027315920543,
                    2.2893510863739133
                ],
                [
                    -0.23956813889164774,
                    0.02299400880769871,
                    0.9706072235394417,
                    0.09497987033421006
                ],
                [
                    0.0,
                    0.0,
                    0.0,
                    1.0
                ]
            ],
            "colmap_im_id": 36
        },
        {
            "file_path": "././dataset/custom/cup/img/000037.png",
            "transform_matrix": [
                [
                    -0.04028254281161594,
                    -0.9990760582583288,
                    0.014978202817130533,
                    0.04620302358120664
                ],
                [
                    0.9682135834620867,
                    -0.03532587562379512,
                    0.24761772818382183,
                    2.5271750552118113
                ],
                [
                    -0.246859825698989,
                    0.024476771159875756,
                    0.9687420266146464,
                    0.016966062080515293
                ],
                [
                    0.0,
                    0.0,
                    0.0,
                    1.0
                ]
            ],
            "colmap_im_id": 37
        },
        {
            "file_path": "././dataset/custom/cup/img/000038.png",
            "transform_matrix": [
                [
                    -0.046062645692066036,
                    -0.9988188275728337,
                    0.015465521584384282,
                    0.0520046473103255
                ],
                [
                    0.9657922694322855,
                    -0.04057379391507262,
                    0.2561231335747958,
                    2.7510697397213772
                ],
                [
                    -0.2551931131059039,
                    0.02673419034433401,
                    0.9665204385267546,
                    -0.06601559319067977
                ],
                [
                    0.0,
                    0.0,
                    0.0,
                    1.0
                ]
            ],
            "colmap_im_id": 38
        },
        {
            "file_path": "././dataset/custom/cup/img/000039.png",
            "transform_matrix": [
                [
                    -0.0513446435908629,
                    -0.9985255020737283,
                    0.017622408545266248,
                    0.07055760948324155
                ],
                [
                    0.962953317019793,
                    -0.04482248741008309,
                    0.26591700559187803,
                    2.957390090062091
                ],
                [
                    -0.2647350313334168,
                    0.030622970639406548,
                    0.9638348389916774,
                    -0.13096566907544333
                ],
                [
                    0.0,
                    0.0,
                    0.0,
                    1.0
                ]
            ],
            "colmap_im_id": 39
        },
        {
            "file_path": "././dataset/custom/cup/img/000040.png",
            "transform_matrix": [
                [
                    -0.054707992307781415,
                    -0.998342356490532,
                    0.01787665557600896,
                    0.07351802112758549
                ],
                [
                    0.958554824992257,
                    -0.047497414703874134,
                    0.28092106200943995,
                    3.180385975492551
                ],
                [
                    -0.27960630011091514,
                    0.03250438175661435,
                    0.9595643710063986,
                    -0.19340849141470787
                ],
                [
                    0.0,
                    0.0,
                    0.0,
                    1.0
                ]
            ],
            "colmap_im_id": 40
        },
        {
            "file_path": "././dataset/custom/cup/img/000041.png",
            "transform_matrix": [
                [
                    -0.059190749050148754,
                    -0.998086835160511,
                    0.017864061860539057,
                    0.05470663810796447
                ],
                [
                    0.9542868244263975,
                    -0.05132301363900542,
                    0.2944530607706304,
                    3.3789117636217045
                ],
                [
                    -0.29297288603736765,
                    0.03447633609137312,
                    0.9554989640479209,
                    -0.3028120538102099
                ],
                [
                    0.0,
                    0.0,
                    0.0,
                    1.0
                ]
            ],
            "colmap_im_id": 41
        },
        {
            "file_path": "././dataset/custom/cup/img/000042.png",
            "transform_matrix": [
                [
                    -0.06427007018476245,
                    -0.997759126763952,
                    0.01860330717055423,
                    0.028400986537104458
                ],
                [
                    0.9504880722094022,
                    -0.055524201173759544,
                    0.3057605070503218,
                    3.575392080771129
                ],
                [
                    -0.3040424027435971,
                    0.037333470817112184,
                    0.9519266932335958,
                    -0.41350538436962553
                ],
                [
                    0.0,
                    0.0,
                    0.0,
                    1.0
                ]
            ],
            "colmap_im_id": 42
        },
        {
            "file_path": "././dataset/custom/cup/img/000043.png",
            "transform_matrix": [
                [
                    -0.06971626807618193,
                    -0.9973817503485674,
                    0.01921681651986033,
                    0.021869538824737342
                ],
                [
                    0.9465693911624993,
                    -0.06005952666809377,
                    0.31685839261515525,
                    3.7359183313532864
                ],
                [
                    -0.3148746253348867,
                    0.04028023495503192,
                    0.9482781622457528,
                    -0.5689419927433533
                ],
                [
                    0.0,
                    0.0,
                    0.0,
                    1.0
                ]
            ],
            "colmap_im_id": 43
        },
        {
            "file_path": "././dataset/custom/cup/img/000044.png",
            "transform_matrix": [
                [
                    -0.07569191809249337,
                    -0.9969412077377166,
                    0.01946694249086064,
                    0.023463377211724597
                ],
                [
                    0.9420673519809497,
                    -0.0651005013253201,
                    0.32904563370267287,
                    3.8695502216910582
                ],
                [
                    -0.3267718437489387,
                    0.043245266118445806,
                    0.9441133454682569,
                    -0.7528772538083152
                ],
                [
                    0.0,
