==================================================Args
	[[[ 8.78954172e-01 -4.66176510e-01 -1.00593865e-01 -1.32555887e-01]
  [ 4.68626022e-01  8.83396268e-01  8.16544401e-04 -6.97950041e-03]
  [ 8.84835944e-02 -4.78586070e-02  9.94927227e-01  1.00994658e+00]]

 [[ 8.89305353e-01 -4.54287022e-01 -5.25301248e-02 -7.66615495e-02]
  [ 4.55913961e-01  8.89695764e-01  2.41654422e-02  2.09218860e-02]
  [ 3.57577913e-02 -4.54396755e-02  9.98326898e-01  1.00560606e+00]]

 [[ 8.94239604e-01 -4.47504848e-01 -8.66433233e-03 -2.12724563e-02]
  [ 4.47564781e-01  8.93823624e-01  2.76603047e-02  4.34193164e-02]
  [-4.63372655e-03 -2.86127888e-02  9.99579906e-01  9.99835312e-01]]

 [[ 8.92048776e-01 -4.45129722e-01  7.81578198e-02  5.64301908e-02]
  [ 4.40903425e-01  8.95137429e-01  6.58275709e-02  7.57788867e-02]
  [-9.92637798e-02 -2.42613517e-02  9.94765401e-01  9.96214747e-01]]

 [[ 8.90343428e-01 -4.45167065e-01  9.54723284e-02  9.60183591e-02]
  [ 4.41320807e-01  8.95383298e-01  5.93694709e-02  8.51578638e-02]
  [-1.11913651e-01 -1.07252924e-02  9.93660033e-01  9.84722733e-01]]

 [[ 8.93700421e-01 -4.40115660e-01  8.71659964e-02  1.18812077e-01]
  [ 4.36538965e-01  8.97840977e-01  5.75790182e-02  6.95354044e-02]
  [-1.03602625e-01 -1.34070413e-02  9.94528413e-01  9.86465514e-01]]

 [[ 8.94857526e-01 -4.44888800e-01  3.61117832e-02  4.83904593e-02]
  [ 4.43819851e-01  8.95469606e-01  3.40309627e-02  3.73634100e-02]
  [-4.74769920e-02 -1.44257369e-02  9.98768151e-01  9.96630073e-01]]

 [[ 8.94044578e-01 -4.45707917e-01 -4.50426005e-02 -3.42819355e-02]
  [ 4.46092516e-01  8.94985259e-01 -1.67602161e-03 -2.32007049e-04]
  [ 4.10594866e-02 -1.85947288e-02  9.98983681e-01  1.00618911e+00]]

 [[ 8.86839986e-01 -4.49242085e-01 -1.08150624e-01 -9.76678953e-02]
  [ 4.48259324e-01  8.93233120e-01 -3.46155837e-02 -3.17312106e-02]
  [ 1.12154499e-01 -1.77810416e-02  9.93531704e-01  1.00761437e+00]]

 [[ 8.75594974e-01 -4.57928687e-01 -1.53736234e-01 -1.47696480e-01]
  [ 4.54317242e-01  8.88819695e-01 -5.99612743e-02 -5.73139042e-02]
  [ 1.64101779e-01 -1.73432305e-02  9.86290932e-01  1.00367630e+00]]

 [[ 8.81952941e-01 -4.52702373e-01 -1.31223843e-01 -1.30781293e-01]
  [ 4.46844190e-01  8.91644239e-01 -7.28067756e-02 -8.65431055e-02]
  [ 1.49964780e-01  5.57553582e-03  9.88675594e-01  1.00943410e+00]]

 [[ 8.92381847e-01 -4.48345453e-01 -5.13916947e-02 -5.22957332e-02]
  [ 4.46799576e-01  8.93781245e-01 -3.90535705e-02 -3.90981399e-02]
  [ 6.34424239e-02  1.18889101e-02  9.97914732e-01  1.00662041e+00]]

 [[ 8.84058535e-01 -4.65210408e-01  4.49437834e-02  1.81860682e-02]
  [ 4.63905632e-01  8.85124266e-01  3.66973616e-02 -6.30581891e-03]
  [-5.68528138e-02 -1.15929404e-02  9.98315275e-01  9.99200165e-01]]

 [[ 8.80208194e-01 -4.64919299e-01  9.53089520e-02  8.15135464e-02]
  [ 4.62374985e-01  8.85352075e-01  4.85907830e-02  2.40890384e-02]
  [-1.06972769e-01  1.29846926e-03  9.94261086e-01  9.88219678e-01]]

 [[ 8.79360974e-01 -4.53536391e-01  1.45014137e-01  1.35740250e-01]
  [ 4.53845888e-01  8.90473425e-01  3.28782201e-02  5.10262921e-02]
  [-1.44042701e-01  3.69022414e-02  9.88883197e-01  9.74736989e-01]]

 [[ 8.74829412e-01 -4.56290781e-01  1.62703097e-01  1.55041873e-01]
  [ 4.59381491e-01  8.88006270e-01  2.03355700e-02  3.91452648e-02]
  [-1.53760284e-01  5.69526255e-02  9.86465514e-01  9.71772790e-01]]

 [[ 8.86836290e-01 -4.52201635e-01  9.50537398e-02  9.79942754e-02]
  [ 4.53798413e-01  8.91088426e-01  5.33206714e-03  6.26003952e-04]
  [-8.71124417e-02  3.84065621e-02  9.95457888e-01  9.81598675e-01]]

 [[ 9.03353035e-01 -4.28851336e-01 -6.31626090e-03  2.11983286e-02]
  [ 4.28398341e-01  9.02913511e-01 -3.49575132e-02 -3.83751169e-02]
  [ 2.06946228e-02  2.88730990e-02  9.99368846e-01  9.88153160e-01]]

 [[ 8.96993637e-01 -4.36881930e-01 -6.73545077e-02 -4.26769555e-02]
  [ 4.32113886e-01  8.98720145e-01 -7.46974945e-02 -7.68504813e-02]
  [ 9.31668505e-02  3.78983580e-02  9.94928956e-01  9.86534238e-01]]

 [[ 9.09761131e-01 -4.03111339e-01 -9.91772190e-02 -9.34352353e-02]
  [ 3.94917488e-01  9.14041698e-01 -9.25628394e-02 -1.03634082e-01]
  [ 1.27965257e-01  4.50432487e-02  9.90755320e-01  9.78597939e-01]]]
	[378.     504.     407.5658]
	[ 0  8 16]
	[[[-0.0000000e+00 -9.9408847e-01  1.0857334e-01  1.0857334e-01
    3.7800000e+02]
  [ 1.0000000e+00 -0.0000000e+00  0.0000000e+00  0.0000000e+00
    5.0400000e+02]
  [ 0.0000000e+00  1.0857334e-01  9.9408847e-01  9.9408847e-01
    4.0756580e+02]]

 [[-5.2775346e-02 -9.9270308e-01  1.0842203e-01  1.0842203e-01
    3.7800000e+02]
  [ 9.9860638e-01 -5.2463364e-02  5.7299957e-03  5.7299957e-03
    5.0400000e+02]
  [ 0.0000000e+00  1.0857334e-01  9.9408847e-01  9.9408847e-01
    4.0756580e+02]]

 [[-1.0540360e-01 -9.8855090e-01  1.0796854e-01  1.0796854e-01
    3.7800000e+02]
  [ 9.9442953e-01 -1.0478050e-01  1.1444021e-02  1.1444021e-02
    5.0400000e+02]
  [ 0.0000000e+00  1.0857334e-01  9.9408847e-01  9.9408847e-01
    4.0756580e+02]]

 ...

 [[ 1.0540360e-01 -9.8855090e-01  1.0796854e-01  1.0796854e-01
    3.7800000e+02]
  [ 9.9442953e-01  1.0478050e-01 -1.1444021e-02 -1.1444021e-02
    5.0400000e+02]
  [ 0.0000000e+00  1.0857334e-01  9.9408847e-01  9.9408847e-01
    4.0756580e+02]]

 [[ 5.2775346e-02 -9.9270308e-01  1.0842203e-01  1.0842203e-01
    3.7800000e+02]
  [ 9.9860638e-01  5.2463364e-02 -5.7299957e-03 -5.7299957e-03
    5.0400000e+02]
  [ 0.0000000e+00  1.0857334e-01  9.9408847e-01  9.9408847e-01
    4.0756580e+02]]

 [[ 2.4492937e-16 -9.9408847e-01  1.0857334e-01  1.0857334e-01
    3.7800000e+02]
  [ 1.0000000e+00  2.4348145e-16 -2.6592800e-17 -2.6592800e-17
    5.0400000e+02]
  [ 0.0000000e+00  1.0857334e-01  9.9408847e-01  9.9408847e-01
    4.0756580e+02]]]
	None==================================================Kwargs====================================================================================================Return==================================================
	[[[ 8.78954172e-01 -4.66176510e-01 -1.00593865e-01 -1.32555887e-01]
  [ 4.68626022e-01  8.83396268e-01  8.16544401e-04 -6.97950041e-03]
  [ 8.84835944e-02 -4.78586070e-02  9.94927227e-01  1.00994658e+00]]

 [[ 8.89305353e-01 -4.54287022e-01 -5.25301248e-02 -7.66615495e-02]
  [ 4.55913961e-01  8.89695764e-01  2.41654422e-02  2.09218860e-02]
  [ 3.57577913e-02 -4.54396755e-02  9.98326898e-01  1.00560606e+00]]

 [[ 8.94239604e-01 -4.47504848e-01 -8.66433233e-03 -2.12724563e-02]
  [ 4.47564781e-01  8.93823624e-01  2.76603047e-02  4.34193164e-02]
  [-4.63372655e-03 -2.86127888e-02  9.99579906e-01  9.99835312e-01]]

 [[ 8.92048776e-01 -4.45129722e-01  7.81578198e-02  5.64301908e-02]
  [ 4.40903425e-01  8.95137429e-01  6.58275709e-02  7.57788867e-02]
  [-9.92637798e-02 -2.42613517e-02  9.94765401e-01  9.96214747e-01]]

 [[ 8.90343428e-01 -4.45167065e-01  9.54723284e-02  9.60183591e-02]
  [ 4.41320807e-01  8.95383298e-01  5.93694709e-02  8.51578638e-02]
  [-1.11913651e-01 -1.07252924e-02  9.93660033e-01  9.84722733e-01]]

 [[ 8.93700421e-01 -4.40115660e-01  8.71659964e-02  1.18812077e-01]
  [ 4.36538965e-01  8.97840977e-01  5.75790182e-02  6.95354044e-02]
  [-1.03602625e-01 -1.34070413e-02  9.94528413e-01  9.86465514e-01]]

 [[ 8.94857526e-01 -4.44888800e-01  3.61117832e-02  4.83904593e-02]
  [ 4.43819851e-01  8.95469606e-01  3.40309627e-02  3.73634100e-02]
  [-4.74769920e-02 -1.44257369e-02  9.98768151e-01  9.96630073e-01]]

 [[ 8.94044578e-01 -4.45707917e-01 -4.50426005e-02 -3.42819355e-02]
  [ 4.46092516e-01  8.94985259e-01 -1.67602161e-03 -2.32007049e-04]
  [ 4.10594866e-02 -1.85947288e-02  9.98983681e-01  1.00618911e+00]]

 [[ 8.86839986e-01 -4.49242085e-01 -1.08150624e-01 -9.76678953e-02]
  [ 4.48259324e-01  8.93233120e-01 -3.46155837e-02 -3.17312106e-02]
  [ 1.12154499e-01 -1.77810416e-02  9.93531704e-01  1.00761437e+00]]

 [[ 8.75594974e-01 -4.57928687e-01 -1.53736234e-01 -1.47696480e-01]
  [ 4.54317242e-01  8.88819695e-01 -5.99612743e-02 -5.73139042e-02]
  [ 1.64101779e-01 -1.73432305e-02  9.86290932e-01  1.00367630e+00]]

 [[ 8.81952941e-01 -4.52702373e-01 -1.31223843e-01 -1.30781293e-01]
  [ 4.46844190e-01  8.91644239e-01 -7.28067756e-02 -8.65431055e-02]
  [ 1.49964780e-01  5.57553582e-03  9.88675594e-01  1.00943410e+00]]

 [[ 8.92381847e-01 -4.48345453e-01 -5.13916947e-02 -5.22957332e-02]
  [ 4.46799576e-01  8.93781245e-01 -3.90535705e-02 -3.90981399e-02]
  [ 6.34424239e-02  1.18889101e-02  9.97914732e-01  1.00662041e+00]]

 [[ 8.84058535e-01 -4.65210408e-01  4.49437834e-02  1.81860682e-02]
  [ 4.63905632e-01  8.85124266e-01  3.66973616e-02 -6.30581891e-03]
  [-5.68528138e-02 -1.15929404e-02  9.98315275e-01  9.99200165e-01]]

 [[ 8.80208194e-01 -4.64919299e-01  9.53089520e-02  8.15135464e-02]
  [ 4.62374985e-01  8.85352075e-01  4.85907830e-02  2.40890384e-02]
  [-1.06972769e-01  1.29846926e-03  9.94261086e-01  9.88219678e-01]]

 [[ 8.79360974e-01 -4.53536391e-01  1.45014137e-01  1.35740250e-01]
  [ 4.53845888e-01  8.90473425e-01  3.28782201e-02  5.10262921e-02]
  [-1.44042701e-01  3.69022414e-02  9.88883197e-01  9.74736989e-01]]

 [[ 8.74829412e-01 -4.56290781e-01  1.62703097e-01  1.55041873e-01]
  [ 4.59381491e-01  8.88006270e-01  2.03355700e-02  3.91452648e-02]
  [-1.53760284e-01  5.69526255e-02  9.86465514e-01  9.71772790e-01]]

 [[ 8.86836290e-01 -4.52201635e-01  9.50537398e-02  9.79942754e-02]
  [ 4.53798413e-01  8.91088426e-01  5.33206714e-03  6.26003952e-04]
  [-8.71124417e-02  3.84065621e-02  9.95457888e-01  9.81598675e-01]]

 [[ 9.03353035e-01 -4.28851336e-01 -6.31626090e-03  2.11983286e-02]
  [ 4.28398341e-01  9.02913511e-01 -3.49575132e-02 -3.83751169e-02]
  [ 2.06946228e-02  2.88730990e-02  9.99368846e-01  9.88153160e-01]]

 [[ 8.96993637e-01 -4.36881930e-01 -6.73545077e-02 -4.26769555e-02]
  [ 4.32113886e-01  8.98720145e-01 -7.46974945e-02 -7.68504813e-02]
  [ 9.31668505e-02  3.78983580e-02  9.94928956e-01  9.86534238e-01]]

 [[ 9.09761131e-01 -4.03111339e-01 -9.91772190e-02 -9.34352353e-02]
  [ 3.94917488e-01  9.14041698e-01 -9.25628394e-02 -1.03634082e-01]
  [ 1.27965257e-01  4.50432487e-02  9.90755320e-01  9.78597939e-01]]]
	[378.     504.     407.5658]
	[ 0  8 16]
	[[[-0.0000000e+00 -9.9408847e-01  1.0857334e-01  1.0857334e-01
    3.7800000e+02]
  [ 1.0000000e+00 -0.0000000e+00  0.0000000e+00  0.0000000e+00
    5.0400000e+02]
  [ 0.0000000e+00  1.0857334e-01  9.9408847e-01  9.9408847e-01
    4.0756580e+02]]

 [[-5.2775346e-02 -9.9270308e-01  1.0842203e-01  1.0842203e-01
    3.7800000e+02]
  [ 9.9860638e-01 -5.2463364e-02  5.7299957e-03  5.7299957e-03
    5.0400000e+02]
  [ 0.0000000e+00  1.0857334e-01  9.9408847e-01  9.9408847e-01
    4.0756580e+02]]

 [[-1.0540360e-01 -9.8855090e-01  1.0796854e-01  1.0796854e-01
    3.7800000e+02]
  [ 9.9442953e-01 -1.0478050e-01  1.1444021e-02  1.1444021e-02
    5.0400000e+02]
  [ 0.0000000e+00  1.0857334e-01  9.9408847e-01  9.9408847e-01
    4.0756580e+02]]

 ...

 [[ 1.0540360e-01 -9.8855090e-01  1.0796854e-01  1.0796854e-01
    3.7800000e+02]
  [ 9.9442953e-01  1.0478050e-01 -1.1444021e-02 -1.1444021e-02
    5.0400000e+02]
  [ 0.0000000e+00  1.0857334e-01  9.9408847e-01  9.9408847e-01
    4.0756580e+02]]

 [[ 5.2775346e-02 -9.9270308e-01  1.0842203e-01  1.0842203e-01
    3.7800000e+02]
  [ 9.9860638e-01  5.2463364e-02 -5.7299957e-03 -5.7299957e-03
    5.0400000e+02]
  [ 0.0000000e+00  1.0857334e-01  9.9408847e-01  9.9408847e-01
    4.0756580e+02]]

 [[ 2.4492937e-16 -9.9408847e-01  1.0857334e-01  1.0857334e-01
    3.7800000e+02]
  [ 1.0000000e+00  2.4348145e-16 -2.6592800e-17 -2.6592800e-17
    5.0400000e+02]
  [ 0.0000000e+00  1.0857334e-01  9.9408847e-01  9.9408847e-01
    4.0756580e+02]]]
	None