==================================================Args
	[[[ 9.89630759e-01 -2.24225149e-02 -1.41874000e-01 -3.67917895e+00
    3.02400000e+03]
  [-2.72090789e-02 -9.99121010e-01 -3.18883993e-02 -1.60379159e+00
    4.03200000e+03]
  [-1.41034275e-01  3.54180038e-02 -9.89370942e-01 -2.76802063e-01
    3.26052637e+03]]

 [[ 9.96017277e-01 -9.11767501e-03 -8.86931792e-02 -1.65886891e+00
    3.02400000e+03]
  [-1.19412709e-02 -9.99436915e-01 -3.13572139e-02 -1.60914540e+00
    4.03200000e+03]
  [-8.83573368e-02  3.22914347e-02 -9.95565295e-01 -2.42866620e-01
    3.26052637e+03]]

 [[ 9.98846710e-01 -2.10212101e-03 -4.79670279e-02  2.71888852e-01
    3.02400000e+03]
  [-2.82207131e-03 -9.99884307e-01 -1.49464915e-02 -1.46625757e+00
    4.03200000e+03]
  [-4.79300618e-02  1.50646204e-02 -9.98737097e-01 -1.55975223e-01
    3.26052637e+03]]

 [[ 9.98899817e-01  3.77176155e-04  4.68940847e-02  2.98431492e+00
    3.02400000e+03]
  [ 8.72671022e-04 -9.99944031e-01 -1.05462307e-02 -1.28691709e+00
    4.03200000e+03]
  [ 4.68874797e-02  1.05755515e-02 -9.98844206e-01 -1.79174632e-01
    3.26052637e+03]]

 [[ 9.98223841e-01 -2.57926993e-04  5.95746934e-02  4.28080559e+00
    3.02400000e+03]
  [-4.33081412e-04 -9.99995649e-01  2.92718783e-03 -9.94454205e-01
    4.03200000e+03]
  [ 5.95736764e-02 -2.94778938e-03 -9.98219550e-01  1.28002077e-01
    3.26052637e+03]]

 [[ 9.98668015e-01  5.49253356e-03  5.13038635e-02  4.71205044e+00
    3.02400000e+03]
  [ 5.45634469e-03 -9.99984741e-01  8.45422910e-04 -2.14997575e-01
    4.03200000e+03]
  [ 5.13077229e-02 -5.64365240e-04 -9.98682737e-01  5.96865602e-02
    3.26052637e+03]]

 [[ 9.99987245e-01  2.23633266e-04 -5.04170870e-03  2.20138621e+00
    3.02400000e+03]
  [ 2.19936133e-04 -9.99999702e-01 -7.33851688e-04 -2.92308509e-01
    4.03200000e+03]
  [-5.04187122e-03  7.32733461e-04 -9.99987006e-01 -1.37791514e-01
    3.26052637e+03]]

 [[ 9.95619237e-01 -5.05162054e-04 -9.34991464e-02 -7.39536881e-01
    3.02400000e+03]
  [-9.65424639e-04 -9.99987662e-01 -4.87747276e-03 -3.89124453e-01
    4.03200000e+03]
  [-9.34955254e-02  4.94637201e-03 -9.95607436e-01 -2.93340474e-01
    3.26052637e+03]]

 [[ 9.86402392e-01 -4.48711729e-03 -1.64287016e-01 -3.02267528e+00
    3.02400000e+03]
  [-5.13929082e-03 -9.99980509e-01 -3.54488776e-03 -3.88695478e-01
    4.03200000e+03]
  [-1.64267913e-01  4.34100442e-03 -9.86406207e-01 -2.19314843e-01
    3.26052637e+03]]

 [[ 9.76303756e-01 -1.42397052e-02 -2.15935528e-01 -4.82643795e+00
    3.02400000e+03]
  [-1.48574719e-02 -9.99888837e-01 -1.23779220e-03 -3.69751602e-01
    4.03200000e+03]
  [-2.15893894e-01  4.41671722e-03 -9.76406813e-01  3.06653650e-03
    3.26052637e+03]]

 [[ 9.79416907e-01 -9.51435231e-03 -2.01623365e-01 -4.76654482e+00
    3.02400000e+03]
  [-5.52988518e-03 -9.99778330e-01  2.03159973e-02  7.20177591e-01
    4.03200000e+03]
  [-2.01771960e-01 -1.87828764e-02 -9.79252398e-01 -1.71210110e-01
    3.26052637e+03]]

 [[ 9.93270159e-01 -4.99986019e-03 -1.15712434e-01 -1.81684458e+00
    3.02400000e+03]
  [-2.03228346e-03 -9.99666333e-01  2.57499143e-02  4.75277871e-01
    4.03200000e+03]
  [-1.15802571e-01 -2.53414623e-02 -9.92948949e-01 -2.38776296e-01
    3.26052637e+03]]

 [[ 9.99734163e-01 -2.26958357e-02  4.06632759e-03  6.99790478e-01
    3.02400000e+03]
  [-2.26992816e-02 -9.99742031e-01  8.03228992e-04  5.36742628e-01
    4.03200000e+03]
  [ 4.04704874e-03 -8.95318168e-04 -9.99991417e-01 -1.30510345e-01
    3.26052637e+03]]

 [[ 9.98242438e-01 -2.30112895e-02  5.46129346e-02  2.98161650e+00
    3.02400000e+03]
  [-2.37281322e-02 -9.99640107e-01  1.25138965e-02  5.63161492e-01
    4.03200000e+03]
  [ 5.43053187e-02 -1.37877651e-02 -9.98429179e-01  1.04672559e-01
    3.26052637e+03]]

 [[ 9.95645761e-01 -1.24251982e-02  9.23859328e-02  4.95547438e+00
    3.02400000e+03]
  [-1.69754438e-02 -9.98672545e-01  4.86310311e-02  5.57678759e-01
    4.03200000e+03]
  [ 9.16590467e-02 -4.99875732e-02 -9.94534969e-01  4.36469883e-01
    3.26052637e+03]]

 [[ 9.94559228e-01 -1.70371700e-02  1.02769852e-01  5.34747934e+00
    3.02400000e+03]
  [-2.40817964e-02 -9.97414947e-01  6.77012280e-02  1.17681313e+00
    4.03200000e+03]
  [ 1.01350747e-01 -6.98077604e-02 -9.92398560e-01  5.20123601e-01
    3.26052637e+03]]

 [[ 9.99322116e-01 -1.10372305e-02  3.51217091e-02  3.13252401e+00
    3.02400000e+03]
  [-1.28270583e-02 -9.98608589e-01  5.11504002e-02  1.47479343e+00
    4.03200000e+03]
  [ 3.45082805e-02 -5.15662320e-02 -9.98073220e-01  3.23181391e-01
    3.26052637e+03]]

 [[ 9.97162282e-01  1.56002389e-02 -7.36479163e-02  3.46181989e-01
    3.02400000e+03]
  [ 1.87420584e-02 -9.98934925e-01  4.21634428e-02  1.50165319e+00
    4.03200000e+03]
  [-7.29117170e-02 -4.34241071e-02 -9.96392608e-01  2.58286506e-01
    3.26052637e+03]]

 [[ 9.89316642e-01  6.08120766e-03 -1.45655707e-01 -2.04583025e+00
    3.02400000e+03]
  [ 1.35764675e-02 -9.98630762e-01  5.05201221e-02  1.69526291e+00
    4.03200000e+03]
  [-1.45149052e-01 -5.19578867e-02 -9.88044620e-01  4.39056158e-01
    3.26052637e+03]]

 [[ 9.82401133e-01  4.27163504e-02 -1.81833386e-01 -3.88107896e+00
    3.02400000e+03]
  [ 5.30404039e-02 -9.97222006e-01  5.22966012e-02  1.73665893e+00
    4.03200000e+03]
  [-1.79094344e-01 -6.10207543e-02 -9.81937706e-01  7.92599559e-01
    3.26052637e+03]]]==================================================Kwargs====================================================================================================Return==================================================
	[[[ 9.89630759e-01 -2.24225149e-02 -1.41874000e-01 -3.67917895e+00
    3.02400000e+03]
  [-2.72090789e-02 -9.99121010e-01 -3.18883993e-02 -1.60379159e+00
    4.03200000e+03]
  [-1.41034275e-01  3.54180038e-02 -9.89370942e-01 -2.76802063e-01
    3.26052637e+03]]

 [[ 9.96017277e-01 -9.11767501e-03 -8.86931792e-02 -1.65886891e+00
    3.02400000e+03]
  [-1.19412709e-02 -9.99436915e-01 -3.13572139e-02 -1.60914540e+00
    4.03200000e+03]
  [-8.83573368e-02  3.22914347e-02 -9.95565295e-01 -2.42866620e-01
    3.26052637e+03]]

 [[ 9.98846710e-01 -2.10212101e-03 -4.79670279e-02  2.71888852e-01
    3.02400000e+03]
  [-2.82207131e-03 -9.99884307e-01 -1.49464915e-02 -1.46625757e+00
    4.03200000e+03]
  [-4.79300618e-02  1.50646204e-02 -9.98737097e-01 -1.55975223e-01
    3.26052637e+03]]

 [[ 9.98899817e-01  3.77176155e-04  4.68940847e-02  2.98431492e+00
    3.02400000e+03]
  [ 8.72671022e-04 -9.99944031e-01 -1.05462307e-02 -1.28691709e+00
    4.03200000e+03]
  [ 4.68874797e-02  1.05755515e-02 -9.98844206e-01 -1.79174632e-01
    3.26052637e+03]]

 [[ 9.98223841e-01 -2.57926993e-04  5.95746934e-02  4.28080559e+00
    3.02400000e+03]
  [-4.33081412e-04 -9.99995649e-01  2.92718783e-03 -9.94454205e-01
    4.03200000e+03]
  [ 5.95736764e-02 -2.94778938e-03 -9.98219550e-01  1.28002077e-01
    3.26052637e+03]]

 [[ 9.98668015e-01  5.49253356e-03  5.13038635e-02  4.71205044e+00
    3.02400000e+03]
  [ 5.45634469e-03 -9.99984741e-01  8.45422910e-04 -2.14997575e-01
    4.03200000e+03]
  [ 5.13077229e-02 -5.64365240e-04 -9.98682737e-01  5.96865602e-02
    3.26052637e+03]]

 [[ 9.99987245e-01  2.23633266e-04 -5.04170870e-03  2.20138621e+00
    3.02400000e+03]
  [ 2.19936133e-04 -9.99999702e-01 -7.33851688e-04 -2.92308509e-01
    4.03200000e+03]
  [-5.04187122e-03  7.32733461e-04 -9.99987006e-01 -1.37791514e-01
    3.26052637e+03]]

 [[ 9.95619237e-01 -5.05162054e-04 -9.34991464e-02 -7.39536881e-01
    3.02400000e+03]
  [-9.65424639e-04 -9.99987662e-01 -4.87747276e-03 -3.89124453e-01
    4.03200000e+03]
  [-9.34955254e-02  4.94637201e-03 -9.95607436e-01 -2.93340474e-01
    3.26052637e+03]]

 [[ 9.86402392e-01 -4.48711729e-03 -1.64287016e-01 -3.02267528e+00
    3.02400000e+03]
  [-5.13929082e-03 -9.99980509e-01 -3.54488776e-03 -3.88695478e-01
    4.03200000e+03]
  [-1.64267913e-01  4.34100442e-03 -9.86406207e-01 -2.19314843e-01
    3.26052637e+03]]

 [[ 9.76303756e-01 -1.42397052e-02 -2.15935528e-01 -4.82643795e+00
    3.02400000e+03]
  [-1.48574719e-02 -9.99888837e-01 -1.23779220e-03 -3.69751602e-01
    4.03200000e+03]
  [-2.15893894e-01  4.41671722e-03 -9.76406813e-01  3.06653650e-03
    3.26052637e+03]]

 [[ 9.79416907e-01 -9.51435231e-03 -2.01623365e-01 -4.76654482e+00
    3.02400000e+03]
  [-5.52988518e-03 -9.99778330e-01  2.03159973e-02  7.20177591e-01
    4.03200000e+03]
  [-2.01771960e-01 -1.87828764e-02 -9.79252398e-01 -1.71210110e-01
    3.26052637e+03]]

 [[ 9.93270159e-01 -4.99986019e-03 -1.15712434e-01 -1.81684458e+00
    3.02400000e+03]
  [-2.03228346e-03 -9.99666333e-01  2.57499143e-02  4.75277871e-01
    4.03200000e+03]
  [-1.15802571e-01 -2.53414623e-02 -9.92948949e-01 -2.38776296e-01
    3.26052637e+03]]

 [[ 9.99734163e-01 -2.26958357e-02  4.06632759e-03  6.99790478e-01
    3.02400000e+03]
  [-2.26992816e-02 -9.99742031e-01  8.03228992e-04  5.36742628e-01
    4.03200000e+03]
  [ 4.04704874e-03 -8.95318168e-04 -9.99991417e-01 -1.30510345e-01
    3.26052637e+03]]

 [[ 9.98242438e-01 -2.30112895e-02  5.46129346e-02  2.98161650e+00
    3.02400000e+03]
  [-2.37281322e-02 -9.99640107e-01  1.25138965e-02  5.63161492e-01
    4.03200000e+03]
  [ 5.43053187e-02 -1.37877651e-02 -9.98429179e-01  1.04672559e-01
    3.26052637e+03]]

 [[ 9.95645761e-01 -1.24251982e-02  9.23859328e-02  4.95547438e+00
    3.02400000e+03]
  [-1.69754438e-02 -9.98672545e-01  4.86310311e-02  5.57678759e-01
    4.03200000e+03]
  [ 9.16590467e-02 -4.99875732e-02 -9.94534969e-01  4.36469883e-01
    3.26052637e+03]]

 [[ 9.94559228e-01 -1.70371700e-02  1.02769852e-01  5.34747934e+00
    3.02400000e+03]
  [-2.40817964e-02 -9.97414947e-01  6.77012280e-02  1.17681313e+00
    4.03200000e+03]
  [ 1.01350747e-01 -6.98077604e-02 -9.92398560e-01  5.20123601e-01
    3.26052637e+03]]

 [[ 9.99322116e-01 -1.10372305e-02  3.51217091e-02  3.13252401e+00
    3.02400000e+03]
  [-1.28270583e-02 -9.98608589e-01  5.11504002e-02  1.47479343e+00
    4.03200000e+03]
  [ 3.45082805e-02 -5.15662320e-02 -9.98073220e-01  3.23181391e-01
    3.26052637e+03]]

 [[ 9.97162282e-01  1.56002389e-02 -7.36479163e-02  3.46181989e-01
    3.02400000e+03]
  [ 1.87420584e-02 -9.98934925e-01  4.21634428e-02  1.50165319e+00
    4.03200000e+03]
  [-7.29117170e-02 -4.34241071e-02 -9.96392608e-01  2.58286506e-01
    3.26052637e+03]]

 [[ 9.89316642e-01  6.08120766e-03 -1.45655707e-01 -2.04583025e+00
    3.02400000e+03]
  [ 1.35764675e-02 -9.98630762e-01  5.05201221e-02  1.69526291e+00
    4.03200000e+03]
  [-1.45149052e-01 -5.19578867e-02 -9.88044620e-01  4.39056158e-01
    3.26052637e+03]]

 [[ 9.82401133e-01  4.27163504e-02 -1.81833386e-01 -3.88107896e+00
    3.02400000e+03]
  [ 5.30404039e-02 -9.97222006e-01  5.22966012e-02  1.73665893e+00
    4.03200000e+03]
  [-1.79094344e-01 -6.10207543e-02 -9.81937706e-01  7.92599559e-01
    3.26052637e+03]]]