{
 "cells": [
  {
   "attachments": {},
   "cell_type": "markdown",
   "metadata": {},
   "source": [
    "# Setup"
   ]
  },
  {
   "cell_type": "code",
   "execution_count": 1,
   "metadata": {},
   "outputs": [],
   "source": [
    "import os"
   ]
  },
  {
   "cell_type": "code",
   "execution_count": 2,
   "metadata": {},
   "outputs": [],
   "source": [
    "# os.chdir('..')"
   ]
  },
  {
   "cell_type": "code",
   "execution_count": 3,
   "metadata": {},
   "outputs": [
    {
     "data": {
      "text/plain": [
       "'c:\\\\Users\\\\ay011\\\\PycharmProjects\\\\NeRF'"
      ]
     },
     "execution_count": 3,
     "metadata": {},
     "output_type": "execute_result"
    }
   ],
   "source": [
    "os.getcwd()"
   ]
  },
  {
   "cell_type": "code",
   "execution_count": 4,
   "metadata": {},
   "outputs": [
    {
     "name": "stderr",
     "output_type": "stream",
     "text": [
      "c:\\Users\\ay011\\anaconda3\\envs\\nerf\\lib\\site-packages\\tqdm\\auto.py:22: TqdmWarning: IProgress not found. Please update jupyter and ipywidgets. See https://ipywidgets.readthedocs.io/en/stable/user_install.html\n",
      "  from .autonotebook import tqdm as notebook_tqdm\n"
     ]
    }
   ],
   "source": [
    "import yaml\n",
    "import torch\n",
    "import numpy as np"
   ]
  },
  {
   "cell_type": "code",
   "execution_count": 5,
   "metadata": {},
   "outputs": [],
   "source": [
    "env = yaml.safe_load(open('./env.yml'))\n",
    "\n",
    "# 디버깅할 땐 cuda OOM 나옴\n",
    "# utils.get_device 도 관리하기\n",
    "# device = 'cuda:0' if torch.cuda.is_available() else 'cpu'\n",
    "device = 'cpu'\n",
    "\n",
    "# torch.set_default_tensor_type(torch.cuda.FloatTensor)\n",
    "torch.set_default_tensor_type(torch.FloatTensor)\n",
    "\n",
    "os.environ['device'] = device\n",
    "\n",
    "args = env['args']\n",
    "args_render = args['rendering']\n",
    "args_model = args['model']\n",
    "args_blender = args['blender']\n",
    "\n",
    "config = yaml.safe_load(open('./config.yml'))[args['dataset']]"
   ]
  },
  {
   "cell_type": "code",
   "execution_count": 6,
   "metadata": {},
   "outputs": [],
   "source": [
    "global args_render"
   ]
  },
  {
   "cell_type": "code",
   "execution_count": 7,
   "metadata": {},
   "outputs": [
    {
     "data": {
      "text/plain": [
       "{'dataset': 'llff',\n",
       " 'datadir': './dataset/nerf_llff_data/fern',\n",
       " 'rendering': {'multires': 10,\n",
       "  'multires_views': 4,\n",
       "  'raw_noise_std': 0.0,\n",
       "  'use_viewdirs': False,\n",
       "  'N_samples': 64,\n",
       "  'N_importance': 0,\n",
       "  'perturb': 1.0,\n",
       "  'i_embed': 0,\n",
       "  'render_test': True,\n",
       "  'render_only': False,\n",
       "  'render_factor': 0},\n",
       " 'model': {'netdepth': 8,\n",
       "  'netwidth': 256,\n",
       "  'netdepth_fine': 8,\n",
       "  'netwidth_fine': 256,\n",
       "  'N_rand': 4096,\n",
       "  'lrate': 0.0005,\n",
       "  'lrate_decay': 250,\n",
       "  'lrate_schedule_gamma': 0.1,\n",
       "  'N_iters': 1,\n",
       "  'chunk': 10,\n",
       "  'netchunk': 20,\n",
       "  'no_batching': True,\n",
       "  'no_reload': True,\n",
       "  'ft_path': 'None',\n",
       "  'random_seed': 'None,',\n",
       "  'precrop_iters': 0,\n",
       "  'precrop_frac': 0.5},\n",
       " 'blender': {'white_bkgd': True}}"
      ]
     },
     "execution_count": 7,
     "metadata": {},
     "output_type": "execute_result"
    }
   ],
   "source": [
    "args"
   ]
  },
  {
   "cell_type": "code",
   "execution_count": 8,
   "metadata": {},
   "outputs": [],
   "source": [
    "def logger(func):\n",
    "    def wrap(*args, **kwargs):\n",
    "        print(args)\n",
    "        print(kwargs)\n",
    "        with open(f'logs/debug/{func.__name__}.txt', 'w') as f:\n",
    "            f.write(\"=\"*50)\n",
    "            f.write(f'Args')\n",
    "            for v in args:\n",
    "                f.write(f'\\n\\t{v}')\n",
    "            \n",
    "            f.write(\"=\"*50)            \n",
    "            f.write(f'Kwargs{\"=\"*50}')\n",
    "            for k, v in kwargs.items():\n",
    "                f.write(f'\\n\\t{k}:{v}')\n",
    "            \n",
    "            res = func(*args, **kwargs)\n",
    "            \n",
    "            f.write(\"=\"*50)            \n",
    "            f.write(f'Return{\"=\"*50}')\n",
    "            for v in args:\n",
    "                f.write(f'\\n\\t{v}')\n",
    "        return res\n",
    "    wrap.__name__ = func.__name__\n",
    "    return wrap"
   ]
  },
  {
   "attachments": {},
   "cell_type": "markdown",
   "metadata": {},
   "source": [
    "# Data"
   ]
  },
  {
   "attachments": {},
   "cell_type": "markdown",
   "metadata": {},
   "source": [
    "## Function _load_data"
   ]
  },
  {
   "cell_type": "code",
   "execution_count": 9,
   "metadata": {},
   "outputs": [],
   "source": [
    "from src.load_llff import _load_data"
   ]
  },
  {
   "cell_type": "code",
   "execution_count": 10,
   "metadata": {},
   "outputs": [],
   "source": [
    "@logger\n",
    "def internal_load_data_log(*args, **kwargs):\n",
    "    res = _load_data(*args, **kwargs)\n",
    "    return res"
   ]
  },
  {
   "cell_type": "code",
   "execution_count": 11,
   "metadata": {},
   "outputs": [
    {
     "name": "stdout",
     "output_type": "stream",
     "text": [
      "('./dataset/nerf_llff_data/fern',)\n",
      "{}\n",
      "Loaded image data (3024, 4032, 3, 20) [3024.         4032.         3260.52633288]\n"
     ]
    }
   ],
   "source": [
    "poses, bds, imgs = internal_load_data_log(args['datadir'])"
   ]
  },
  {
   "attachments": {},
   "cell_type": "markdown",
   "metadata": {},
   "source": [
    "poses : (3, 5, Img num) -> (Img num, 3, 5)\n",
    "\n",
    "Correct rotation matrix ordering and move variable dim to axis 0"
   ]
  },
  {
   "cell_type": "code",
   "execution_count": 12,
   "metadata": {},
   "outputs": [
    {
     "data": {
      "text/plain": [
       "(3, 5, 20)"
      ]
     },
     "execution_count": 12,
     "metadata": {},
     "output_type": "execute_result"
    }
   ],
   "source": [
    "poses = np.concatenate([poses[:, 1:2, :], -poses[:, 0:1, :], poses[:, 2:, :]], 1)\n",
    "poses.shape"
   ]
  },
  {
   "cell_type": "code",
   "execution_count": 13,
   "metadata": {},
   "outputs": [
    {
     "data": {
      "text/plain": [
       "(20, 3, 5)"
      ]
     },
     "execution_count": 13,
     "metadata": {},
     "output_type": "execute_result"
    }
   ],
   "source": [
    "poses = np.moveaxis(poses, -1, 0).astype(np.float32)\n",
    "poses.shape"
   ]
  },
  {
   "attachments": {},
   "cell_type": "markdown",
   "metadata": {},
   "source": [
    "imgs : (Img num, 3024, 4032, C)"
   ]
  },
  {
   "cell_type": "code",
   "execution_count": 14,
   "metadata": {},
   "outputs": [
    {
     "data": {
      "text/plain": [
       "(20, 3024, 4032, 3)"
      ]
     },
     "execution_count": 14,
     "metadata": {},
     "output_type": "execute_result"
    }
   ],
   "source": [
    "imgs = np.moveaxis(imgs, -1, 0).astype(np.float32)\n",
    "imgs.shape"
   ]
  },
  {
   "attachments": {},
   "cell_type": "markdown",
   "metadata": {},
   "source": [
    "bds : (Img num, 2)"
   ]
  },
  {
   "cell_type": "code",
   "execution_count": 15,
   "metadata": {},
   "outputs": [
    {
     "data": {
      "text/plain": [
       "(20, 2)"
      ]
     },
     "execution_count": 15,
     "metadata": {},
     "output_type": "execute_result"
    }
   ],
   "source": [
    "bds = np.moveaxis(bds, -1, 0).astype(np.float32)\n",
    "bds.shape"
   ]
  },
  {
   "attachments": {},
   "cell_type": "markdown",
   "metadata": {},
   "source": [
    "## Function : Recenter pose\n",
    "\n",
    "구조가 바뀌는 것은 아닌듯"
   ]
  },
  {
   "cell_type": "code",
   "execution_count": 16,
   "metadata": {},
   "outputs": [],
   "source": [
    "from src.load_llff import recenter_poses"
   ]
  },
  {
   "cell_type": "code",
   "execution_count": 17,
   "metadata": {},
   "outputs": [],
   "source": [
    "@logger\n",
    "def recenter_poses_log(*args, **kwargs):\n",
    "    res = recenter_poses(*args, **kwargs)\n",
    "    return res"
   ]
  },
  {
   "cell_type": "code",
   "execution_count": 18,
   "metadata": {},
   "outputs": [
    {
     "name": "stdout",
     "output_type": "stream",
     "text": [
      "(array([[[ 9.89630759e-01, -2.24225149e-02, -1.41874000e-01,\n",
      "         -3.67917895e+00,  3.02400000e+03],\n",
      "        [-2.72090789e-02, -9.99121010e-01, -3.18883993e-02,\n",
      "         -1.60379159e+00,  4.03200000e+03],\n",
      "        [-1.41034275e-01,  3.54180038e-02, -9.89370942e-01,\n",
      "         -2.76802063e-01,  3.26052637e+03]],\n",
      "\n",
      "       [[ 9.96017277e-01, -9.11767501e-03, -8.86931792e-02,\n",
      "         -1.65886891e+00,  3.02400000e+03],\n",
      "        [-1.19412709e-02, -9.99436915e-01, -3.13572139e-02,\n",
      "         -1.60914540e+00,  4.03200000e+03],\n",
      "        [-8.83573368e-02,  3.22914347e-02, -9.95565295e-01,\n",
      "         -2.42866620e-01,  3.26052637e+03]],\n",
      "\n",
      "       [[ 9.98846710e-01, -2.10212101e-03, -4.79670279e-02,\n",
      "          2.71888852e-01,  3.02400000e+03],\n",
      "        [-2.82207131e-03, -9.99884307e-01, -1.49464915e-02,\n",
      "         -1.46625757e+00,  4.03200000e+03],\n",
      "        [-4.79300618e-02,  1.50646204e-02, -9.98737097e-01,\n",
      "         -1.55975223e-01,  3.26052637e+03]],\n",
      "\n",
      "       [[ 9.98899817e-01,  3.77176155e-04,  4.68940847e-02,\n",
      "          2.98431492e+00,  3.02400000e+03],\n",
      "        [ 8.72671022e-04, -9.99944031e-01, -1.05462307e-02,\n",
      "         -1.28691709e+00,  4.03200000e+03],\n",
      "        [ 4.68874797e-02,  1.05755515e-02, -9.98844206e-01,\n",
      "         -1.79174632e-01,  3.26052637e+03]],\n",
      "\n",
      "       [[ 9.98223841e-01, -2.57926993e-04,  5.95746934e-02,\n",
      "          4.28080559e+00,  3.02400000e+03],\n",
      "        [-4.33081412e-04, -9.99995649e-01,  2.92718783e-03,\n",
      "         -9.94454205e-01,  4.03200000e+03],\n",
      "        [ 5.95736764e-02, -2.94778938e-03, -9.98219550e-01,\n",
      "          1.28002077e-01,  3.26052637e+03]],\n",
      "\n",
      "       [[ 9.98668015e-01,  5.49253356e-03,  5.13038635e-02,\n",
      "          4.71205044e+00,  3.02400000e+03],\n",
      "        [ 5.45634469e-03, -9.99984741e-01,  8.45422910e-04,\n",
      "         -2.14997575e-01,  4.03200000e+03],\n",
      "        [ 5.13077229e-02, -5.64365240e-04, -9.98682737e-01,\n",
      "          5.96865602e-02,  3.26052637e+03]],\n",
      "\n",
      "       [[ 9.99987245e-01,  2.23633266e-04, -5.04170870e-03,\n",
      "          2.20138621e+00,  3.02400000e+03],\n",
      "        [ 2.19936133e-04, -9.99999702e-01, -7.33851688e-04,\n",
      "         -2.92308509e-01,  4.03200000e+03],\n",
      "        [-5.04187122e-03,  7.32733461e-04, -9.99987006e-01,\n",
      "         -1.37791514e-01,  3.26052637e+03]],\n",
      "\n",
      "       [[ 9.95619237e-01, -5.05162054e-04, -9.34991464e-02,\n",
      "         -7.39536881e-01,  3.02400000e+03],\n",
      "        [-9.65424639e-04, -9.99987662e-01, -4.87747276e-03,\n",
      "         -3.89124453e-01,  4.03200000e+03],\n",
      "        [-9.34955254e-02,  4.94637201e-03, -9.95607436e-01,\n",
      "         -2.93340474e-01,  3.26052637e+03]],\n",
      "\n",
      "       [[ 9.86402392e-01, -4.48711729e-03, -1.64287016e-01,\n",
      "         -3.02267528e+00,  3.02400000e+03],\n",
      "        [-5.13929082e-03, -9.99980509e-01, -3.54488776e-03,\n",
      "         -3.88695478e-01,  4.03200000e+03],\n",
      "        [-1.64267913e-01,  4.34100442e-03, -9.86406207e-01,\n",
      "         -2.19314843e-01,  3.26052637e+03]],\n",
      "\n",
      "       [[ 9.76303756e-01, -1.42397052e-02, -2.15935528e-01,\n",
      "         -4.82643795e+00,  3.02400000e+03],\n",
      "        [-1.48574719e-02, -9.99888837e-01, -1.23779220e-03,\n",
      "         -3.69751602e-01,  4.03200000e+03],\n",
      "        [-2.15893894e-01,  4.41671722e-03, -9.76406813e-01,\n",
      "          3.06653650e-03,  3.26052637e+03]],\n",
      "\n",
      "       [[ 9.79416907e-01, -9.51435231e-03, -2.01623365e-01,\n",
      "         -4.76654482e+00,  3.02400000e+03],\n",
      "        [-5.52988518e-03, -9.99778330e-01,  2.03159973e-02,\n",
      "          7.20177591e-01,  4.03200000e+03],\n",
      "        [-2.01771960e-01, -1.87828764e-02, -9.79252398e-01,\n",
      "         -1.71210110e-01,  3.26052637e+03]],\n",
      "\n",
      "       [[ 9.93270159e-01, -4.99986019e-03, -1.15712434e-01,\n",
      "         -1.81684458e+00,  3.02400000e+03],\n",
      "        [-2.03228346e-03, -9.99666333e-01,  2.57499143e-02,\n",
      "          4.75277871e-01,  4.03200000e+03],\n",
      "        [-1.15802571e-01, -2.53414623e-02, -9.92948949e-01,\n",
      "         -2.38776296e-01,  3.26052637e+03]],\n",
      "\n",
      "       [[ 9.99734163e-01, -2.26958357e-02,  4.06632759e-03,\n",
      "          6.99790478e-01,  3.02400000e+03],\n",
      "        [-2.26992816e-02, -9.99742031e-01,  8.03228992e-04,\n",
      "          5.36742628e-01,  4.03200000e+03],\n",
      "        [ 4.04704874e-03, -8.95318168e-04, -9.99991417e-01,\n",
      "         -1.30510345e-01,  3.26052637e+03]],\n",
      "\n",
      "       [[ 9.98242438e-01, -2.30112895e-02,  5.46129346e-02,\n",
      "          2.98161650e+00,  3.02400000e+03],\n",
      "        [-2.37281322e-02, -9.99640107e-01,  1.25138965e-02,\n",
      "          5.63161492e-01,  4.03200000e+03],\n",
      "        [ 5.43053187e-02, -1.37877651e-02, -9.98429179e-01,\n",
      "          1.04672559e-01,  3.26052637e+03]],\n",
      "\n",
      "       [[ 9.95645761e-01, -1.24251982e-02,  9.23859328e-02,\n",
      "          4.95547438e+00,  3.02400000e+03],\n",
      "        [-1.69754438e-02, -9.98672545e-01,  4.86310311e-02,\n",
      "          5.57678759e-01,  4.03200000e+03],\n",
      "        [ 9.16590467e-02, -4.99875732e-02, -9.94534969e-01,\n",
      "          4.36469883e-01,  3.26052637e+03]],\n",
      "\n",
      "       [[ 9.94559228e-01, -1.70371700e-02,  1.02769852e-01,\n",
      "          5.34747934e+00,  3.02400000e+03],\n",
      "        [-2.40817964e-02, -9.97414947e-01,  6.77012280e-02,\n",
      "          1.17681313e+00,  4.03200000e+03],\n",
      "        [ 1.01350747e-01, -6.98077604e-02, -9.92398560e-01,\n",
      "          5.20123601e-01,  3.26052637e+03]],\n",
      "\n",
      "       [[ 9.99322116e-01, -1.10372305e-02,  3.51217091e-02,\n",
      "          3.13252401e+00,  3.02400000e+03],\n",
      "        [-1.28270583e-02, -9.98608589e-01,  5.11504002e-02,\n",
      "          1.47479343e+00,  4.03200000e+03],\n",
      "        [ 3.45082805e-02, -5.15662320e-02, -9.98073220e-01,\n",
      "          3.23181391e-01,  3.26052637e+03]],\n",
      "\n",
      "       [[ 9.97162282e-01,  1.56002389e-02, -7.36479163e-02,\n",
      "          3.46181989e-01,  3.02400000e+03],\n",
      "        [ 1.87420584e-02, -9.98934925e-01,  4.21634428e-02,\n",
      "          1.50165319e+00,  4.03200000e+03],\n",
      "        [-7.29117170e-02, -4.34241071e-02, -9.96392608e-01,\n",
      "          2.58286506e-01,  3.26052637e+03]],\n",
      "\n",
      "       [[ 9.89316642e-01,  6.08120766e-03, -1.45655707e-01,\n",
      "         -2.04583025e+00,  3.02400000e+03],\n",
      "        [ 1.35764675e-02, -9.98630762e-01,  5.05201221e-02,\n",
      "          1.69526291e+00,  4.03200000e+03],\n",
      "        [-1.45149052e-01, -5.19578867e-02, -9.88044620e-01,\n",
      "          4.39056158e-01,  3.26052637e+03]],\n",
      "\n",
      "       [[ 9.82401133e-01,  4.27163504e-02, -1.81833386e-01,\n",
      "         -3.88107896e+00,  3.02400000e+03],\n",
      "        [ 5.30404039e-02, -9.97222006e-01,  5.22966012e-02,\n",
      "          1.73665893e+00,  4.03200000e+03],\n",
      "        [-1.79094344e-01, -6.10207543e-02, -9.81937706e-01,\n",
      "          7.92599559e-01,  3.26052637e+03]]], dtype=float32),)\n",
      "{}\n"
     ]
    }
   ],
   "source": [
    "poses = recenter_poses_log(poses)"
   ]
  },
  {
   "attachments": {},
   "cell_type": "markdown",
   "metadata": {},
   "source": [
    "## Function : poses_avg"
   ]
  },
  {
   "cell_type": "code",
   "execution_count": 19,
   "metadata": {},
   "outputs": [],
   "source": [
    "from src.load_llff import poses_avg, normalize, viewmatrix"
   ]
  },
  {
   "cell_type": "code",
   "execution_count": 20,
   "metadata": {},
   "outputs": [],
   "source": [
    "@logger\n",
    "def poses_avg_log(*args, **kwargs):\n",
    "    res = poses_avg(*args, **kwargs)\n",
    "    return res"
   ]
  },
  {
   "cell_type": "code",
   "execution_count": 21,
   "metadata": {},
   "outputs": [
    {
     "data": {
      "text/plain": [
       "(20, 3, 5)"
      ]
     },
     "execution_count": 21,
     "metadata": {},
     "output_type": "execute_result"
    }
   ],
   "source": [
    "poses.shape"
   ]
  },
  {
   "cell_type": "code",
   "execution_count": 22,
   "metadata": {},
   "outputs": [
    {
     "data": {
      "text/plain": [
       "array([3024.    , 4032.    , 3260.5264], dtype=float32)"
      ]
     },
     "execution_count": 22,
     "metadata": {},
     "output_type": "execute_result"
    }
   ],
   "source": [
    "poses[5, :3, -1]"
   ]
  },
  {
   "cell_type": "code",
   "execution_count": 23,
   "metadata": {},
   "outputs": [],
   "source": [
    "hwf = poses[0, :3, -1:]\n",
    "\n",
    "center = poses[:, :3, 3].mean(0)\n",
    "vec2 = normalize(poses[:, :3, 2].sum(0))\n",
    "up = poses[:, :3, 1].sum(0)\n",
    "c2w = np.concatenate([viewmatrix(vec2, up, center), hwf], 1)"
   ]
  },
  {
   "cell_type": "markdown",
   "metadata": {},
   "source": [
    "c2w : (3,5), Camera to world\n"
   ]
  },
  {
   "cell_type": "code",
   "execution_count": 24,
   "metadata": {},
   "outputs": [
    {
     "data": {
      "text/plain": [
       "(3, 5)"
      ]
     },
     "execution_count": 24,
     "metadata": {},
     "output_type": "execute_result"
    }
   ],
   "source": [
    "c2w.shape"
   ]
  },
  {
   "cell_type": "code",
   "execution_count": 25,
   "metadata": {},
   "outputs": [
    {
     "data": {
      "text/plain": [
       "array([[ 1.0000000e+00,  0.0000000e+00,  0.0000000e+00, -2.3841858e-08,\n",
       "         3.0240000e+03],\n",
       "       [ 0.0000000e+00,  1.0000000e+00, -1.8730975e-09, -8.3446501e-08,\n",
       "         4.0320000e+03],\n",
       "       [-0.0000000e+00,  1.8730975e-09,  1.0000000e+00, -2.9802323e-09,\n",
       "         3.2605264e+03]], dtype=float32)"
      ]
     },
     "execution_count": 25,
     "metadata": {},
     "output_type": "execute_result"
    }
   ],
   "source": [
    "c2w"
   ]
  },
  {
   "attachments": {},
   "cell_type": "markdown",
   "metadata": {},
   "source": [
    "## Function : load_llff_data"
   ]
  },
  {
   "cell_type": "code",
   "execution_count": 26,
   "metadata": {},
   "outputs": [],
   "source": [
    "from src.load_llff import load_llff_data"
   ]
  },
  {
   "cell_type": "code",
   "execution_count": 27,
   "metadata": {},
   "outputs": [],
   "source": [
    "@logger\n",
    "def load_llff_data_log(*args, **kwargs):\n",
    "    res = load_llff_data(*args, **kwargs)\n",
    "    return res"
   ]
  },
  {
   "cell_type": "code",
   "execution_count": 28,
   "metadata": {},
   "outputs": [
    {
     "name": "stdout",
     "output_type": "stream",
     "text": [
      "('./dataset/nerf_llff_data/fern', 8)\n",
      "{'recenter': True, 'bd_factor': 0.75, 'spherify': True}\n",
      "Loaded image data (378, 504, 3, 20) [378.         504.         407.56579161]\n",
      "Loaded ./dataset/nerf_llff_data/fern 16.985296178676084 80.00209740336334\n",
      "Data:\n",
      "(20, 3, 5) (20, 378, 504, 3) (20, 2)\n",
      "HOLDOUT view is 12\n"
     ]
    }
   ],
   "source": [
    "images, poses, bds, render_poses, i_test = load_llff_data_log(args['datadir'], config['factor'], recenter=config['recenter'], bd_factor=config['bd_factor'], spherify=config['spherify'])"
   ]
  },
  {
   "attachments": {},
   "cell_type": "markdown",
   "metadata": {},
   "source": [
    "- Images: (Img num, H, W, C)"
   ]
  },
  {
   "cell_type": "code",
   "execution_count": 29,
   "metadata": {},
   "outputs": [
    {
     "data": {
      "text/plain": [
       "(20, 378, 504, 3)"
      ]
     },
     "execution_count": 29,
     "metadata": {},
     "output_type": "execute_result"
    }
   ],
   "source": [
    "images.shape"
   ]
  },
  {
   "attachments": {},
   "cell_type": "markdown",
   "metadata": {},
   "source": [
    "- poses : (Img num, 3, 5)\n",
    "\n",
    "여기에서 5는 페이퍼에서 말한 5D vector이고 3D는 location, 2D는 viewing direction에 해당하는 것으로 보인다!"
   ]
  },
  {
   "cell_type": "code",
   "execution_count": 30,
   "metadata": {},
   "outputs": [
    {
     "data": {
      "text/plain": [
       "(20, 3, 5)"
      ]
     },
     "execution_count": 30,
     "metadata": {},
     "output_type": "execute_result"
    }
   ],
   "source": [
    "poses.shape"
   ]
  },
  {
   "attachments": {},
   "cell_type": "markdown",
   "metadata": {},
   "source": [
    "- bds : (Img num, 2)"
   ]
  },
  {
   "cell_type": "code",
   "execution_count": 31,
   "metadata": {},
   "outputs": [
    {
     "data": {
      "text/plain": [
       "(20, 2)"
      ]
     },
     "execution_count": 31,
     "metadata": {},
     "output_type": "execute_result"
    }
   ],
   "source": [
    "bds.shape"
   ]
  },
  {
   "attachments": {},
   "cell_type": "markdown",
   "metadata": {},
   "source": [
    "- render_poses: (120, 3, 5)"
   ]
  },
  {
   "cell_type": "code",
   "execution_count": 32,
   "metadata": {},
   "outputs": [
    {
     "data": {
      "text/plain": [
       "(120, 3, 5)"
      ]
     },
     "execution_count": 32,
     "metadata": {},
     "output_type": "execute_result"
    }
   ],
   "source": [
    "render_poses.shape"
   ]
  },
  {
   "attachments": {},
   "cell_type": "markdown",
   "metadata": {},
   "source": [
    "## Function : load_data"
   ]
  },
  {
   "cell_type": "code",
   "execution_count": 33,
   "metadata": {},
   "outputs": [],
   "source": [
    "def load_data(dataset):\n",
    "    K = None\n",
    "    if dataset == 'llff':\n",
    "        images, poses, bds, render_poses, i_test = load_llff_data(args['datadir'], config['factor'], recenter=config['recenter'], bd_factor=config['bd_factor'], spherify=config['spherify'])\n",
    "        hwf = poses[0, :3, -1]\n",
    "        poses = poses[:, :3, :4]\n",
    "        if env['VERBOSE']:\n",
    "            print('Loaded llff', images.shape, render_poses.shape, hwf, args['datadir'])\n",
    "        if not isinstance(i_test, list):\n",
    "            i_test = [i_test]\n",
    "\n",
    "        if config['llffhold'] > 0:\n",
    "            if env['VERBOSE']:\n",
    "                print('Auto LLFF holdout,', config['llffhold'])\n",
    "            i_test = np.arange(images.shape[0])[::config['llffhold']]\n",
    "\n",
    "        i_val = i_test\n",
    "        i_train = np.array([i for i in np.arange(int(images.shape[0])) if\n",
    "                            (i not in i_test and i not in i_val)])\n",
    "\n",
    "        if env['VERBOSE']:\n",
    "            print('DEFINING BOUNDS')\n",
    "        if config['no_ndc']:\n",
    "            # TODO:  original code used tf so that both var type was tf.Tensor and temporarily using numpy ndarray.\n",
    "            # near = tf.reduce_min(bds) * .9\n",
    "            # far = tf.reduce_max(bds) * 1.\n",
    "            near = np.min(bds) * .9\n",
    "            far = np.max(bds) * 1.\n",
    "        else:\n",
    "            near = 0.\n",
    "            far = 1.\n",
    "        if env['VERBOSE']:\n",
    "            print('NEAR FAR', near, far)\n",
    "        return images, i_train, i_val, i_test, hwf, K, poses, render_poses, near, far\n",
    "    else:\n",
    "        print('Unknown dataset type', args['dataset'], 'exiting')\n",
    "        return"
   ]
  },
  {
   "cell_type": "code",
   "execution_count": 34,
   "metadata": {},
   "outputs": [],
   "source": [
    "@logger\n",
    "def load_data_log(*args, **kwargs):\n",
    "    res = load_data(*args, **kwargs)\n",
    "    return res"
   ]
  },
  {
   "cell_type": "code",
   "execution_count": 35,
   "metadata": {},
   "outputs": [
    {
     "name": "stdout",
     "output_type": "stream",
     "text": [
      "('llff',)\n",
      "{}\n",
      "Loaded image data (378, 504, 3, 20) [378.         504.         407.56579161]\n",
      "Loaded ./dataset/nerf_llff_data/fern 16.985296178676084 80.00209740336334\n",
      "Data:\n",
      "(20, 3, 5) (20, 378, 504, 3) (20, 2)\n",
      "HOLDOUT view is 12\n"
     ]
    }
   ],
   "source": [
    "images, i_train, i_val, i_test, hwf, K, poses, render_poses, near, far = load_data_log(args['dataset'])"
   ]
  },
  {
   "attachments": {},
   "cell_type": "markdown",
   "metadata": {},
   "source": [
    "hwf :  정말 이미지의 H, W, f를 순서대로 가짐"
   ]
  },
  {
   "cell_type": "code",
   "execution_count": 36,
   "metadata": {},
   "outputs": [
    {
     "data": {
      "text/plain": [
       "array([378.    , 504.    , 407.5658], dtype=float32)"
      ]
     },
     "execution_count": 36,
     "metadata": {},
     "output_type": "execute_result"
    }
   ],
   "source": [
    "hwf"
   ]
  },
  {
   "attachments": {},
   "cell_type": "markdown",
   "metadata": {},
   "source": [
    "K"
   ]
  },
  {
   "cell_type": "code",
   "execution_count": 37,
   "metadata": {},
   "outputs": [
    {
     "data": {
      "text/plain": [
       "(20, 3, 4)"
      ]
     },
     "execution_count": 37,
     "metadata": {},
     "output_type": "execute_result"
    }
   ],
   "source": [
    "poses.shape"
   ]
  },
  {
   "attachments": {},
   "cell_type": "markdown",
   "metadata": {},
   "source": [
    "## [***]POSE\n",
    "\n",
    "![img](./assets/pipeline-02-typical_perspective_model.PNG)\n",
    "\n",
    "결과적으로 pose를 이해해야 한다.\n",
    "\n",
    "(20, 3, 5)에서 3은 3차원 공간에서의 좌표를 말하는 것이고 20은 img의 개수라고 보았을 때 5개의 값이 무엇을 의미하는지 알아야 한다!\n",
    "\n",
    "0 : \n",
    "\n",
    "1 : zenith vector(up을 말하는 것으로 사용됨)\n",
    "\n",
    "2 : o vector (origin을 말하는 것으로 focal space에서 z축을 말하기도 하는 것! focal space에서의 O)\n",
    "\n",
    "3 : d vector (페이퍼에서 말하는 direction을 나타내는 것), 그래서 center를 말한다!\n",
    "\n",
    "4(-1) : H,W,f를 가지고 있다."
   ]
  },
  {
   "cell_type": "code",
   "execution_count": 38,
   "metadata": {},
   "outputs": [],
   "source": [
    "# pose의 사용 예시\n",
    "# spherify_poses\n",
    "rays_d = poses[:, :3, 2:3]\n",
    "rays_o = poses[:, :3, 3:4]"
   ]
  },
  {
   "cell_type": "code",
   "execution_count": 39,
   "metadata": {},
   "outputs": [],
   "source": [
    "# pose 사용 예시\n",
    "# poses_avg\n",
    "center = poses[:, :3, 3].mean(0) # \n",
    "vec2 = normalize(poses[:, :3, 2].sum(0))\n",
    "up = poses[:, :3, 1].sum(0)"
   ]
  },
  {
   "cell_type": "code",
   "execution_count": 40,
   "metadata": {},
   "outputs": [
    {
     "data": {
      "text/plain": [
       "(20, 3, 4)"
      ]
     },
     "execution_count": 40,
     "metadata": {},
     "output_type": "execute_result"
    }
   ],
   "source": [
    "poses.shape"
   ]
  },
  {
   "attachments": {},
   "cell_type": "markdown",
   "metadata": {},
   "source": [
    "# Preprocess"
   ]
  },
  {
   "attachments": {},
   "cell_type": "markdown",
   "metadata": {},
   "source": [
    "## function Cast intrinsic"
   ]
  },
  {
   "attachments": {},
   "cell_type": "markdown",
   "metadata": {},
   "source": [
    "![img](./assets/pipeline-02-typical_perspective_model.PNG)"
   ]
  },
  {
   "cell_type": "code",
   "execution_count": 41,
   "metadata": {},
   "outputs": [],
   "source": [
    "def cast_intrinsics(poses, hwf, i_test, render_poses, K):\n",
    "    # Cast intrinsics to right types\n",
    "    H, W, focal = hwf\n",
    "    H, W = int(H), int(W)\n",
    "    hwf = [H, W, focal]\n",
    "\n",
    "    if K is None:\n",
    "        K = np.array([\n",
    "            [focal, 0, 0.5*W],\n",
    "            [0, focal, 0.5*H],\n",
    "            [0, 0, 1]\n",
    "        ])\n",
    "\n",
    "    return H, W, hwf, focal, K"
   ]
  },
  {
   "cell_type": "code",
   "execution_count": 42,
   "metadata": {},
   "outputs": [],
   "source": [
    "@logger\n",
    "def cast_intrinsics_log(*args, **kwargs):\n",
    "    res = cast_intrinsics(*args, **kwargs)\n",
    "    return res"
   ]
  },
  {
   "cell_type": "code",
   "execution_count": 43,
   "metadata": {},
   "outputs": [
    {
     "name": "stdout",
     "output_type": "stream",
     "text": [
      "(array([[[ 8.78954172e-01, -4.66176510e-01, -1.00593865e-01,\n",
      "         -1.32555887e-01],\n",
      "        [ 4.68626022e-01,  8.83396268e-01,  8.16544401e-04,\n",
      "         -6.97950041e-03],\n",
      "        [ 8.84835944e-02, -4.78586070e-02,  9.94927227e-01,\n",
      "          1.00994658e+00]],\n",
      "\n",
      "       [[ 8.89305353e-01, -4.54287022e-01, -5.25301248e-02,\n",
      "         -7.66615495e-02],\n",
      "        [ 4.55913961e-01,  8.89695764e-01,  2.41654422e-02,\n",
      "          2.09218860e-02],\n",
      "        [ 3.57577913e-02, -4.54396755e-02,  9.98326898e-01,\n",
      "          1.00560606e+00]],\n",
      "\n",
      "       [[ 8.94239604e-01, -4.47504848e-01, -8.66433233e-03,\n",
      "         -2.12724563e-02],\n",
      "        [ 4.47564781e-01,  8.93823624e-01,  2.76603047e-02,\n",
      "          4.34193164e-02],\n",
      "        [-4.63372655e-03, -2.86127888e-02,  9.99579906e-01,\n",
      "          9.99835312e-01]],\n",
      "\n",
      "       [[ 8.92048776e-01, -4.45129722e-01,  7.81578198e-02,\n",
      "          5.64301908e-02],\n",
      "        [ 4.40903425e-01,  8.95137429e-01,  6.58275709e-02,\n",
      "          7.57788867e-02],\n",
      "        [-9.92637798e-02, -2.42613517e-02,  9.94765401e-01,\n",
      "          9.96214747e-01]],\n",
      "\n",
      "       [[ 8.90343428e-01, -4.45167065e-01,  9.54723284e-02,\n",
      "          9.60183591e-02],\n",
      "        [ 4.41320807e-01,  8.95383298e-01,  5.93694709e-02,\n",
      "          8.51578638e-02],\n",
      "        [-1.11913651e-01, -1.07252924e-02,  9.93660033e-01,\n",
      "          9.84722733e-01]],\n",
      "\n",
      "       [[ 8.93700421e-01, -4.40115660e-01,  8.71659964e-02,\n",
      "          1.18812077e-01],\n",
      "        [ 4.36538965e-01,  8.97840977e-01,  5.75790182e-02,\n",
      "          6.95354044e-02],\n",
      "        [-1.03602625e-01, -1.34070413e-02,  9.94528413e-01,\n",
      "          9.86465514e-01]],\n",
      "\n",
      "       [[ 8.94857526e-01, -4.44888800e-01,  3.61117832e-02,\n",
      "          4.83904593e-02],\n",
      "        [ 4.43819851e-01,  8.95469606e-01,  3.40309627e-02,\n",
      "          3.73634100e-02],\n",
      "        [-4.74769920e-02, -1.44257369e-02,  9.98768151e-01,\n",
      "          9.96630073e-01]],\n",
      "\n",
      "       [[ 8.94044578e-01, -4.45707917e-01, -4.50426005e-02,\n",
      "         -3.42819355e-02],\n",
      "        [ 4.46092516e-01,  8.94985259e-01, -1.67602161e-03,\n",
      "         -2.32007049e-04],\n",
      "        [ 4.10594866e-02, -1.85947288e-02,  9.98983681e-01,\n",
      "          1.00618911e+00]],\n",
      "\n",
      "       [[ 8.86839986e-01, -4.49242085e-01, -1.08150624e-01,\n",
      "         -9.76678953e-02],\n",
      "        [ 4.48259324e-01,  8.93233120e-01, -3.46155837e-02,\n",
      "         -3.17312106e-02],\n",
      "        [ 1.12154499e-01, -1.77810416e-02,  9.93531704e-01,\n",
      "          1.00761437e+00]],\n",
      "\n",
      "       [[ 8.75594974e-01, -4.57928687e-01, -1.53736234e-01,\n",
      "         -1.47696480e-01],\n",
      "        [ 4.54317242e-01,  8.88819695e-01, -5.99612743e-02,\n",
      "         -5.73139042e-02],\n",
      "        [ 1.64101779e-01, -1.73432305e-02,  9.86290932e-01,\n",
      "          1.00367630e+00]],\n",
      "\n",
      "       [[ 8.81952941e-01, -4.52702373e-01, -1.31223843e-01,\n",
      "         -1.30781293e-01],\n",
      "        [ 4.46844190e-01,  8.91644239e-01, -7.28067756e-02,\n",
      "         -8.65431055e-02],\n",
      "        [ 1.49964780e-01,  5.57553582e-03,  9.88675594e-01,\n",
      "          1.00943410e+00]],\n",
      "\n",
      "       [[ 8.92381847e-01, -4.48345453e-01, -5.13916947e-02,\n",
      "         -5.22957332e-02],\n",
      "        [ 4.46799576e-01,  8.93781245e-01, -3.90535705e-02,\n",
      "         -3.90981399e-02],\n",
      "        [ 6.34424239e-02,  1.18889101e-02,  9.97914732e-01,\n",
      "          1.00662041e+00]],\n",
      "\n",
      "       [[ 8.84058535e-01, -4.65210408e-01,  4.49437834e-02,\n",
      "          1.81860682e-02],\n",
      "        [ 4.63905632e-01,  8.85124266e-01,  3.66973616e-02,\n",
      "         -6.30581891e-03],\n",
      "        [-5.68528138e-02, -1.15929404e-02,  9.98315275e-01,\n",
      "          9.99200165e-01]],\n",
      "\n",
      "       [[ 8.80208194e-01, -4.64919299e-01,  9.53089520e-02,\n",
      "          8.15135464e-02],\n",
      "        [ 4.62374985e-01,  8.85352075e-01,  4.85907830e-02,\n",
      "          2.40890384e-02],\n",
      "        [-1.06972769e-01,  1.29846926e-03,  9.94261086e-01,\n",
      "          9.88219678e-01]],\n",
      "\n",
      "       [[ 8.79360974e-01, -4.53536391e-01,  1.45014137e-01,\n",
      "          1.35740250e-01],\n",
      "        [ 4.53845888e-01,  8.90473425e-01,  3.28782201e-02,\n",
      "          5.10262921e-02],\n",
      "        [-1.44042701e-01,  3.69022414e-02,  9.88883197e-01,\n",
      "          9.74736989e-01]],\n",
      "\n",
      "       [[ 8.74829412e-01, -4.56290781e-01,  1.62703097e-01,\n",
      "          1.55041873e-01],\n",
      "        [ 4.59381491e-01,  8.88006270e-01,  2.03355700e-02,\n",
      "          3.91452648e-02],\n",
      "        [-1.53760284e-01,  5.69526255e-02,  9.86465514e-01,\n",
      "          9.71772790e-01]],\n",
      "\n",
      "       [[ 8.86836290e-01, -4.52201635e-01,  9.50537398e-02,\n",
      "          9.79942754e-02],\n",
      "        [ 4.53798413e-01,  8.91088426e-01,  5.33206714e-03,\n",
      "          6.26003952e-04],\n",
      "        [-8.71124417e-02,  3.84065621e-02,  9.95457888e-01,\n",
      "          9.81598675e-01]],\n",
      "\n",
      "       [[ 9.03353035e-01, -4.28851336e-01, -6.31626090e-03,\n",
      "          2.11983286e-02],\n",
      "        [ 4.28398341e-01,  9.02913511e-01, -3.49575132e-02,\n",
      "         -3.83751169e-02],\n",
      "        [ 2.06946228e-02,  2.88730990e-02,  9.99368846e-01,\n",
      "          9.88153160e-01]],\n",
      "\n",
      "       [[ 8.96993637e-01, -4.36881930e-01, -6.73545077e-02,\n",
      "         -4.26769555e-02],\n",
      "        [ 4.32113886e-01,  8.98720145e-01, -7.46974945e-02,\n",
      "         -7.68504813e-02],\n",
      "        [ 9.31668505e-02,  3.78983580e-02,  9.94928956e-01,\n",
      "          9.86534238e-01]],\n",
      "\n",
      "       [[ 9.09761131e-01, -4.03111339e-01, -9.91772190e-02,\n",
      "         -9.34352353e-02],\n",
      "        [ 3.94917488e-01,  9.14041698e-01, -9.25628394e-02,\n",
      "         -1.03634082e-01],\n",
      "        [ 1.27965257e-01,  4.50432487e-02,  9.90755320e-01,\n",
      "          9.78597939e-01]]], dtype=float32), array([378.    , 504.    , 407.5658], dtype=float32), array([ 0,  8, 16]), array([[[-0.0000000e+00, -9.9408847e-01,  1.0857334e-01,  1.0857334e-01,\n",
      "          3.7800000e+02],\n",
      "        [ 1.0000000e+00, -0.0000000e+00,  0.0000000e+00,  0.0000000e+00,\n",
      "          5.0400000e+02],\n",
      "        [ 0.0000000e+00,  1.0857334e-01,  9.9408847e-01,  9.9408847e-01,\n",
      "          4.0756580e+02]],\n",
      "\n",
      "       [[-5.2775346e-02, -9.9270308e-01,  1.0842203e-01,  1.0842203e-01,\n",
      "          3.7800000e+02],\n",
      "        [ 9.9860638e-01, -5.2463364e-02,  5.7299957e-03,  5.7299957e-03,\n",
      "          5.0400000e+02],\n",
      "        [ 0.0000000e+00,  1.0857334e-01,  9.9408847e-01,  9.9408847e-01,\n",
      "          4.0756580e+02]],\n",
      "\n",
      "       [[-1.0540360e-01, -9.8855090e-01,  1.0796854e-01,  1.0796854e-01,\n",
      "          3.7800000e+02],\n",
      "        [ 9.9442953e-01, -1.0478050e-01,  1.1444021e-02,  1.1444021e-02,\n",
      "          5.0400000e+02],\n",
      "        [ 0.0000000e+00,  1.0857334e-01,  9.9408847e-01,  9.9408847e-01,\n",
      "          4.0756580e+02]],\n",
      "\n",
      "       ...,\n",
      "\n",
      "       [[ 1.0540360e-01, -9.8855090e-01,  1.0796854e-01,  1.0796854e-01,\n",
      "          3.7800000e+02],\n",
      "        [ 9.9442953e-01,  1.0478050e-01, -1.1444021e-02, -1.1444021e-02,\n",
      "          5.0400000e+02],\n",
      "        [ 0.0000000e+00,  1.0857334e-01,  9.9408847e-01,  9.9408847e-01,\n",
      "          4.0756580e+02]],\n",
      "\n",
      "       [[ 5.2775346e-02, -9.9270308e-01,  1.0842203e-01,  1.0842203e-01,\n",
      "          3.7800000e+02],\n",
      "        [ 9.9860638e-01,  5.2463364e-02, -5.7299957e-03, -5.7299957e-03,\n",
      "          5.0400000e+02],\n",
      "        [ 0.0000000e+00,  1.0857334e-01,  9.9408847e-01,  9.9408847e-01,\n",
      "          4.0756580e+02]],\n",
      "\n",
      "       [[ 2.4492937e-16, -9.9408847e-01,  1.0857334e-01,  1.0857334e-01,\n",
      "          3.7800000e+02],\n",
      "        [ 1.0000000e+00,  2.4348145e-16, -2.6592800e-17, -2.6592800e-17,\n",
      "          5.0400000e+02],\n",
      "        [ 0.0000000e+00,  1.0857334e-01,  9.9408847e-01,  9.9408847e-01,\n",
      "          4.0756580e+02]]], dtype=float32), None)\n",
      "{}\n"
     ]
    }
   ],
   "source": [
    "H, W, hwf, focal, K = cast_intrinsics_log(poses, hwf, i_test, render_poses, K)"
   ]
  },
  {
   "cell_type": "code",
   "execution_count": 44,
   "metadata": {},
   "outputs": [
    {
     "data": {
      "text/plain": [
       "array([[407.5657959,   0.       , 252.       ],\n",
       "       [  0.       , 407.5657959, 189.       ],\n",
       "       [  0.       ,   0.       ,   1.       ]])"
      ]
     },
     "execution_count": 44,
     "metadata": {},
     "output_type": "execute_result"
    }
   ],
   "source": [
    "K"
   ]
  },
  {
   "attachments": {},
   "cell_type": "markdown",
   "metadata": {},
   "source": [
    "# Model\n",
    "\n",
    "Function : batchify_rays \n",
    "\t Argument : ('rays_flat', 'chunk', 'kwargs', 'i', 'ret', 'k')\n",
    "Function : render_rays \n",
    "\t Argument : ('ray_batch', 'network_fn', 'network_query_fn', 'N_samples', 'retraw', 'lindisp', 'perturb', 'N_importance', 'network_fine', 'white_bkgd', 'raw_noise_std', 'verbose', 'pytest', 'N_rays', 'rays_o', 'rays_d', 'viewdirs', 'bounds', 'near', 'far', 't_vals', 'z_vals', 'mids', 'upper', 'lower', 't_rand', 'pts', 'raw', 'rgb_map', 'disp_map', 'acc_map', 'weights', 'depth_map', 'rgb_map_0', 'disp_map_0', 'acc_map_0', 'z_vals_mid', 'z_samples', '_', 'run_fn', 'ret', 'k')"
   ]
  },
  {
   "attachments": {},
   "cell_type": "markdown",
   "metadata": {},
   "source": [
    "## Function create nerf model"
   ]
  },
  {
   "cell_type": "code",
   "execution_count": 45,
   "metadata": {},
   "outputs": [],
   "source": [
    "from src.model_functional import create_nerf, run_network\n",
    "from src.rendering import get_render_kwargs\n",
    "from torch.optim import Adam"
   ]
  },
  {
   "cell_type": "code",
   "execution_count": 46,
   "metadata": {},
   "outputs": [],
   "source": [
