{
    "w": 720,
    "h": 1280,
    "fl_x": 1238.6913090217583,
    "fl_y": 1250.651400486912,
    "cx": 343.6065699510995,
    "cy": 674.5872077714947,
    "k1": -0.0005717189078045911,
    "k2": 2.3484886521211606e-07,
    "p1": 0.004568470104626244,
    "p2": -0.0033596442498528096,
    "camera_model": "OPENCV",
    "frames": [
        {
            "file_path": "././dataset/custom/cat/img/000001.png",
            "transform_matrix": [
                [
                    0.001900315368762174,
                    -0.9999826288073336,
                    -0.005579505809104123,
                    3.2404668696259544
                ],
                [
                    0.9999964593368256,
                    0.0019106761699982616,
                    -0.0018521960980842013,
                    -2.6653814841491594
                ],
                [
                    0.0018628245520187477,
                    -0.005575966297242224,
                    0.9999827190929553,
                    0.027671082929469383
                ],
                [
                    0.0,
                    0.0,
                    0.0,
                    1.0
                ]
            ],
            "colmap_im_id": 1
        },
        {
            "file_path": "././dataset/custom/cat/img/000002.png",
            "transform_matrix": [
                [
                    0.00206787860886663,
                    -0.9999828985305685,
                    -0.005470514094833059,
                    3.240468770125602
                ],
                [
                    0.9999961874564549,
                    0.0020778553629686625,
                    -0.0018186779938468504,
                    -2.6653822692241653
                ],
                [
                    0.0018300138288308773,
                    -0.005466732432939968,
                    0.999983382804881,
                    0.027676345758447313
                ],
                [
                    0.0,
                    0.0,
                    0.0,
                    1.0
                ]
            ],
            "colmap_im_id": 2
        },
        {
            "file_path": "././dataset/custom/cat/img/000003.png",
            "transform_matrix": [
                [
                    0.001986120237399616,
                    -0.9999872152016749,
                    -0.004650242961604877,
                    3.240466710865603
                ],
                [
                    0.9999965793987883,
                    0.0019940102389423018,
                    -0.0016926647304674853,
                    -2.66538113427398
                ],
                [
                    0.001701915722169284,
                    -0.004646865219301855,
                    0.999987754988284,
                    0.027673987934728788
                ],
                [
                    0.0,
                    0.0,
                    0.0,
                    1.0
                ]
            ],
            "colmap_im_id": 3
        },
        {
            "file_path": "././dataset/custom/cat/img/000004.png",
            "transform_matrix": [
                [
                    0.001509382017781628,
                    -0.9999916625863761,
                    -0.00379427511653027,
                    3.240469270909918
                ],
                [
                    0.9999978374004119,
                    0.0015147981665725443,
                    -0.0014249845662005715,
                    -2.6653813706797362
                ],
                [
                    0.0014307202465048269,
                    -0.0037921160649526265,
                    0.9999917864139316,
                    0.027686468419939634
                ],
                [
                    0.0,
                    0.0,
                    0.0,
                    1.0
                ]
            ],
            "colmap_im_id": 4
        },
        {
            "file_path": "././dataset/custom/cat/img/000005.png",
            "transform_matrix": [
                [
                    0.0012809446977605922,
                    -0.9999953364722403,
                    -0.002772402289010397,
                    3.240474659083134
                ],
                [
                    0.9999989795495771,
                    0.0012826931191352335,
                    -0.0006289659502676372,
                    -2.66538245056458
                ],
                [
                    0.0006325191584070568,
                    -0.0027715937893122416,
                    0.999995959085526,
                    0.02770380663357005
                ],
                [
                    0.0,
                    0.0,
                    0.0,
                    1.0
                ]
            ],
            "colmap_im_id": 5
        },
        {
            "file_path": "././dataset/custom/cat/img/000006.png",
            "transform_matrix": [
                [
                    0.0008921318113336856,
                    -0.9999937489665114,
                    -0.0034214220337437,
                    3.189600439733799
                ],
                [
                    0.999999542084206,
                    0.0008909416546344894,
                    0.0003493627714676054,
                    -2.678404467577237
                ],
                [
                    -0.0003463123001812748,
                    -0.003421732144662635,
                    0.9999940858909722,
                    0.013222664291266284
                ],
                [
                    0.0,
                    0.0,
                    0.0,
                    1.0
                ]
            ],
            "colmap_im_id": 6
        },
        {
            "file_path": "././dataset/custom/cat/img/000007.png",
            "transform_matrix": [
                [
                    0.0009443426678134148,
                    -0.9999993945858213,
                    -0.0005648406119387895,
                    3.2404834831588025
                ],
                [
                    0.9999987532485262,
                    0.0009436269035550767,
                    0.0012661238723214385,
                    -2.665382564485461
                ],
                [
                    -0.0012655901069944485,
                    -0.0005660355625182944,
                    0.9999990389422498,
                    0.02772518904278485
                ],
                [
                    0.0,
                    0.0,
                    0.0,
                    1.0
                ]
            ],
            "colmap_im_id": 7
        },
        {
            "file_path": "././dataset/custom/cat/img/000008.png",
            "transform_matrix": [
                [
                    0.0008493497534210241,
                    -0.9999996022653731,
                    -0.0002721655595885961,
                    3.240483592534858
                ],
                [
                    0.9999985314770933,
                    0.0008489436608047832,
                    0.0014887371553358346,
                    -2.665382723076338
                ],
                [
                    -0.0014885055099870157,
                    -0.00027342961844303073,
                    0.9999988547931394,
                    0.027730406674957516
                ],
                [
                    0.0,
                    0.0,
                    0.0,
                    1.0
                ]
            ],
            "colmap_im_id": 8
        },
        {
            "file_path": "././dataset/custom/cat/img/000009.png",
            "transform_matrix": [
                [
                    -0.0003397735111472096,
                    -0.9999992087202816,
                    -0.0012112443070557547,
                    3.2096204606840937
                ],
                [
                    0.9999984380087905,
                    -0.00034187366954201544,
                    0.0017340998740776519,
                    -2.665002398548708
                ],
                [
                    -0.0017345125944555572,
                    -0.0012106532138998992,
                    0.9999977628899253,
                    0.022937287973168945
                ],
                [
                    0.0,
                    0.0,
                    0.0,
                    1.0
                ]
            ],
            "colmap_im_id": 9
        },
        {
            "file_path": "././dataset/custom/cat/img/000010.png",
            "transform_matrix": [
                [
                    -0.0001824054187168227,
                    -0.9999998996291204,
                    0.00040923100139983774,
                    3.240476285903401
                ],
                [
                    0.9999981886389331,
                    -0.00018162975369522544,
                    0.001894658144689394,
                    -2.6653793802299903
                ],
                [
                    -0.0018945836259949005,
                    0.00040957585604694163,
                    0.9999981213984865,
                    0.02770882696142449
                ],
                [
                    0.0,
                    0.0,
                    0.0,
                    1.0
                ]
            ],
            "colmap_im_id": 10
        },
        {
            "file_path": "././dataset/custom/cat/img/000011.png",
            "transform_matrix": [
                [
                    -0.00032114782637734354,
                    -0.9999992285930991,
                    0.0011998655259472532,
                    3.2242803121830304
                ],
                [
                    0.999996940663988,
                    -0.0003182037702877775,
                    0.002453040771145012,
                    -2.655704068540829
                ],
                [
                    -0.002452657077118239,
                    0.0012006496438671085,
                    0.9999962714498963,
                    0.016012647814622093
                ],
                [
                    0.0,
                    0.0,
                    0.0,
                    1.0
                ]
            ],
            "colmap_im_id": 11
        },
        {
            "file_path": "././dataset/custom/cat/img/000012.png",
            "transform_matrix": [
                [
                    -0.0005611395304714379,
                    -0.999990939690883,
                    0.004219675173767978,
                    3.273335676653528
                ],
                [
                    0.9999995494274307,
                    -0.0005579034441924457,
                    0.0007680421096679238,
                    -2.6895283776949355
                ],
                [
                    -0.000765680979656177,
                    0.0042201042512868955,
                    0.9999908021840727,
                    0.024510465873004518
                ],
                [
                    0.0,
                    0.0,
                    0.0,
                    1.0
                ]
            ],
            "colmap_im_id": 12
        },
        {
            "file_path": "././dataset/custom/cat/img/000013.png",
            "transform_matrix": [
                [
                    -0.0008541153121780358,
                    -0.9999905670867462,
                    0.004258664645341061,
                    3.240474025465647
                ],
                [
                    0.9999986139160681,
                    -0.0008480201465531191,
                    0.0014328390606107098,
                    -2.665380073365029
                ],
                [
                    -0.0014292141113474816,
                    0.004259882552255979,
                    0.9999899053228812,
                    0.027711813936182286
                ],
                [
                    0.0,
                    0.0,
                    0.0,
                    1.0
                ]
            ],
            "colmap_im_id": 13
        },
        {
            "file_path": "././dataset/custom/cat/img/000014.png",
            "transform_matrix": [
                [
                    -0.0008772934453240438,
                    -0.999990348046757,
                    0.004305132928991659,
                    3.2404708764989127
                ],
                [
                    0.9999985049883453,
                    -0.0008708692877983618,
                    0.0014938566723674911,
                    -2.665378915644911
                ],
                [
                    -0.0014900930456849895,
                    0.0043064370434346775,
                    0.9999896170574503,
                    0.027702147934097646
                ],
                [
                    0.0,
                    0.0,
                    0.0,
                    1.0
                ]
            ],
            "colmap_im_id": 14
        },
        {
            "file_path": "././dataset/custom/cat/img/000015.png",
            "transform_matrix": [
                [
                    -0.0029629568230793457,
                    -0.999986107551884,
                    0.004359540124426283,
                    3.240475927396793
                ],
                [
                    0.999994852416508,
                    -0.0029575585995491567,
                    0.0012441815047330687,
                    -2.665378196059509
                ],
                [
                    -0.0012312706246209906,
                    0.004363204139408105,
                    0.9999897231583367,
                    0.027716871712389415
                ],
                [
                    0.0,
                    0.0,
                    0.0,
                    1.0
                ]
            ],
            "colmap_im_id": 15
        },
        {
            "file_path": "././dataset/custom/cat/img/000016.png",
            "transform_matrix": [
                [
                    -0.0035172323152245968,
                    -0.9999867183164495,
                    0.0037672626054708323,
                    3.2404730853464097
                ],
                [
                    0.9999931857268142,
                    -0.003512980418717049,
                    0.0011346666977042142,
                    -2.6653773281126005
                ],
                [
                    -0.0011214173076550156,
                    0.003771227820690451,
                    0.9999922601020204,
                    0.027708103405946313
                ],
                [
                    0.0,
                    0.0,
                    0.0,
                    1.0
                ]
            ],
            "colmap_im_id": 16
        },
        {
            "file_path": "././dataset/custom/cat/img/000017.png",
            "transform_matrix": [
                [
                    -0.004280665448684698,
                    -0.9999867447464184,
                    0.002861159691093301,
                    3.240468822102867
                ],
                [
                    0.9999899797111819,
                    -0.004276895759142424,
                    0.0013223614843142053,
                    -2.6653750725490317
                ],
                [
                    -0.0013101070743283382,
                    0.0028667916085634163,
                    0.9999950325503256,
                    0.027701763328025212
                ],
                [
                    0.0,
                    0.0,
                    0.0,
                    1.0
                ]
            ],
            "colmap_im_id": 17
        },
        {
            "file_path": "././dataset/custom/cat/img/000018.png",
            "transform_matrix": [
                [
                    -0.004506300182393787,
                    -0.9999863545377531,
                    0.002642725290504229,
                    3.2404708298398655
                ],
                [
                    0.999988607919381,
                    -0.004502119286218844,
                    0.0015858604576795565,
                    -2.665374113492643
                ],
                [
                    -0.0015739409533819951,
                    0.002649841547634358,
                    0.999995250513545,
                    0.027708141804436422
                ],
                [
                    0.0,
                    0.0,
                    0.0,
                    1.0
                ]
            ],
            "colmap_im_id": 18
        },
        {
            "file_path": "././dataset/custom/cat/img/000019.png",
            "transform_matrix": [
                [
                    -0.005264090151287163,
                    -0.9999824300676516,
                    0.0027256028458523575,
                    3.240476396008033
                ],
                [
                    0.9999815421146571,
                    -0.005255776827950156,
                    0.0030483175567966483,
                    -2.6653744189517927
                ],
                [
                    -0.0030339388377839723,
                    0.0027415991554162675,
                    0.9999916393896501,
                    0.027723227257236218
                ],
                [
                    0.0,
                    0.0,
                    0.0,
                    1.0
                ]
            ],
            "colmap_im_id": 19
        },
        {
            "file_path": "././dataset/custom/cat/img/000020.png",
            "transform_matrix": [
                [
                    -0.003694691010801611,
                    -0.9999636778030786,
                    0.007680646644353677,
                    3.3598790891316934
                ],
                [
                    0.9999928276082277,
                    -0.0037009792800925833,
                    -0.0008046641969540919,
                    -2.7745471491405884
                ],
                [
                    0.0008330608838711403,
                    0.007677618570171679,
                    0.9999701796467007,
                    0.06872417410967722
                ],
                [
                    0.0,
                    0.0,
                    0.0,
                    1.0
                ]
            ],
            "colmap_im_id": 20
        },
        {
            "file_path": "././dataset/custom/cat/img/000021.png",
            "transform_matrix": [
                [
                    -0.0075430334763279625,
                    -0.9999681305866222,
                    0.0026154267473993942,
                    3.240490750953769
                ],
                [
                    0.9999590500420523,
                    -0.007529835269726802,
                    0.00501994221151134,
                    -2.665373132083017
                ],
                [
                    -0.005000088496329915,
                    0.002653185237934735,
                    0.9999839797332365,
                    0.027775092427473537
                ],
                [
                    0.0,
                    0.0,
                    0.0,
                    1.0
                ]
            ],
            "colmap_im_id": 21
        },
        {
            "file_path": "././dataset/custom/cat/img/000022.png",
            "transform_matrix": [
                [
                    -0.003649949392598032,
                    -0.9999561645818836,
                    0.008622458125178522,
                    3.397878761756111
                ],
                [
                    0.9999903116117239,
                    -0.0036710193608031237,
                    -0.002429053218854272,
                    -2.8377627769337295
                ],
                [
                    0.002460599951006041,
                    0.008613508666135564,
                    0.9999598756531881,
                    0.08730159098637556
                ],
                [
                    0.0,
                    0.0,
                    0.0,
                    1.0
                ]
            ],
            "colmap_im_id": 22
        },
        {
            "file_path": "././dataset/custom/cat/img/000023.png",
            "transform_matrix": [
                [
                    -0.004712319934299086,
                    -0.9999533131069636,
                    0.008435973402263737,
                    3.4021583409200273
                ],
                [
                    0.9999883405644643,
                    -0.004721048781934748,
                    -0.0010151027176494578,
                    -2.783793217379098
                ],
                [
                    0.0010548819676126488,
                    0.008431091554803934,
                    0.9999639013080567,
                    0.005478272910431302
                ],
                [
                    0.0,
                    0.0,
                    0.0,
                    1.0
                ]
            ],
            "colmap_im_id": 23
        },
        {
            "file_path": "././dataset/custom/cat/img/000024.png",
            "transform_matrix": [
                [
                    -0.004756750892180817,
                    -0.9999525177476322,
                    0.008505032105831716,
                    3.406144515237501
                ],
                [
                    0.9999872056323061,
                    -0.004771209418686239,
                    -0.0016805155086770547,
                    -2.770899221826417
                ],
                [
                    0.0017210150033051365,
                    0.008496929495678481,
                    0.999962419442103,
                    -0.0016578309386794273
                ],
                [
                    0.0,
                    0.0,
                    0.0,
                    1.0
                ]
            ],
            "colmap_im_id": 24
        },
        {
            "file_path": "././dataset/custom/cat/img/000025.png",
            "transform_matrix": [
                [
                    -0.005914655904983747,
                    -0.9999497110447594,
                    0.008098902828648,
                    3.3968119282251377
                ],
                [
                    0.9999824320047365,
                    -0.005917624583834066,
                    -0.0003426385521752051,
                    -2.6578600541789066
                ],
                [
                    0.0003905475877212818,
                    0.008096733958025569,
                    0.9999671446461601,
                    -0.057391074665869526
                ],
                [
                    0.0,
                    0.0,
                    0.0,
                    1.0
                ]
            ],
            "colmap_im_id": 25
        },
        {
            "file_path": "././dataset/custom/cat/img/000026.png",
            "transform_matrix": [
                [
                    -0.004829811738688627,
                    -0.9999492388024342,
                    0.008842665718058458,
                    3.3948621121916753
                ],
                [
                    0.9999828599178232,
                    -0.0048588619362720685,
                    -0.0032667003620702965,
                    -2.6571601128656144
                ],
                [
                    0.003309499832320481,
                    0.008826736606285883,
                    0.9999555669787248,
                    -0.06245312218193949
                ],
                [
                    0.0,
                    0.0,
                    0.0,
                    1.0
                ]
            ],
            "colmap_im_id": 26
        },
        {
            "file_path": "././dataset/custom/cat/img/000027.png",
            "transform_matrix": [
                [
                    -0.006444051212027422,
                    -0.9999690166773799,
                    0.0045210495739663095,
                    3.1260451810051872
                ],
                [
                    0.9999778452428886,
                    -0.0064515191667725395,
                    -0.001639183891606793,
                    -2.374677411554369
                ],
                [
                    0.001668300742223818,
                    0.004510386426267664,
                    0.9999884365266027,
                    0.017142656718373565
                ],
                [
                    0.0,
                    0.0,
                    0.0,
                    1.0
                ]
            ],
            "colmap_im_id": 27
        },
        {
            "file_path": "././dataset/custom/cat/img/000028.png",
            "transform_matrix": [
                [
                    -0.006706489089417466,
                    -0.9999735572987055,
                    0.0028120646269272735,
                    2.948921501279359
                ],
                [
                    0.9999740569349882,
                    -0.006713830954427518,
                    -0.0026095844298039423,
                    -2.246337736914739
                ],
                [
                    0.002628395151880478,
                    0.0027944905238454455,
                    0.9999926411537426,
                    0.18071762794371254
                ],
                [
                    0.0,
                    0.0,
                    0.0,
                    1.0
                ]
            ],
            "colmap_im_id": 28
        },
        {
            "file_path": "././dataset/custom/cat/img/000029.png",
            "transform_matrix": [
                [
                    -0.0062487070022669965,
                    -0.9999804628203408,
                    0.0001662480584635385,
                    2.571363977181759
                ],
                [
                    0.999970667879705,
                    -0.006249381982818926,
                    -0.004428160458856066,
                    -2.0114632196182414
                ],
                [
                    0.004429112892710862,
                    0.00013857290478907315,
                    0.9999901818300686,
                    0.4798643167186291
                ],
                [
                    0.0,
                    0.0,
                    0.0,
                    1.0
                ]
            ],
            "colmap_im_id": 29
        },
        {
            "file_path": "././dataset/custom/cat/img/000030.png",
            "transform_matrix": [
                [
                    -0.005315693915402621,
                    -0.9999855661450917,
                    -0.0007816007155430671,
                    2.4043953053581237
                ],
                [
                    0.9999690914390927,
                    -0.0053110751030798235,
                    -0.005797296587615787,
                    -1.9528324300381585
                ],
                [
                    0.005793061770177111,
                    -0.0008123932115863193,
                    0.9999828900799236,
                    0.534554482159646
                ],
                [
                    0.0,
                    0.0,
                    0.0,
                    1.0
                ]
            ],
            "colmap_im_id": 30
        },
        {
            "file_path": "././dataset/custom/cat/img/000031.png",
            "transform_matrix": [
                [
                    -0.0034584410500352685,
                    -0.9999915814602224,
                    -0.0022082106301271253,
                    2.163741450930703
                ],
                [
                    0.9999536366379974,
                    -0.0034384478250792305,
                    -0.008994534507025696,
                    -1.9389520136319134
                ],
                [
                    0.00898686596914069,
                    -0.002239215317423359,
                    0.999957110157638,
                    0.8304224057298866
                ],
                [
                    0.0,
                    0.0,
                    0.0,
                    1.0
                ]
            ],
            "colmap_im_id": 31
        },
        {
            "file_path": "././dataset/custom/cat/img/000032.png",
            "transform_matrix": [
                [
                    -0.0020375343036490197,
                    -0.9999940408867495,
                    -0.002786870099498247,
                    2.1063455723377493
                ],
                [
                    0.9999448093694001,
                    -0.0020086948034525437,
                    -0.010312291713338908,
                    -1.9683388591907733
                ],
                [
                    0.010306632289737955,
                    -0.0028077279384952194,
                    0.9999429433696043,
                    0.8915939905226917
                ],
                [
                    0.0,
                    0.0,
                    0.0,
                    1.0
                ]
            ],
            "colmap_im_id": 32
        },
        {
            "file_path": "././dataset/custom/cat/img/000033.png",
            "transform_matrix": [
                [
                    0.0006445752127575515,
                    -0.9999917495428113,
                    -0.0040106569414832625,
                    2.10845462137911
                ],
                [
                    0.9999516988869539,
                    0.0006838730234860427,
                    -0.009804703503028537,
                    -1.9490204376525868
                ],
                [
                    0.009807365389830775,
                    -0.004004143353442454,
                    0.9999438896358712,
                    0.9870148042264776
                ],
                [
                    0.0,
                    0.0,
                    0.0,
                    1.0
                ]
            ],
            "colmap_im_id": 33
        },
        {
            "file_path": "././dataset/custom/cat/img/000034.png",
            "transform_matrix": [
                [
                    0.0021774305424840895,
                    -0.9999732734856366,
                    -0.006979334542270901,
                    2.1242660898293004
                ],
                [
                    0.9999563116181345,
                    0.002240732127351683,
                    -0.009074909067852872,
                    -1.921186580247873
                ],
                [
                    0.009090305346301725,
                    -0.006959269642263642,
                    0.9999344653099808,
                    1.0273495338441194
                ],
                [
                    0.0,
                    0.0,
                    0.0,
                    1.0
                ]
            ],
            "colmap_im_id": 34
        },
        {
            "file_path": "././dataset/custom/cat/img/000035.png",
            "transform_matrix": [
                [
                    0.005910467309248913,
                    -0.9998861684736847,
                    -0.013882235814184775,
                    2.1491639880187594
                ],
                [
                    0.999935762708942,
                    0.0060438872857297475,
                    -0.009588632966387333,
                    -1.9981613218270187
                ],
                [
                    0.009671444146196341,
                    -0.013824670755274023,
                    0.9998576606930785,
                    1.096361462757002
                ],
                [
                    0.0,
                    0.0,
                    0.0,
                    1.0
                ]
            ],
            "colmap_im_id": 35
        },
        {
            "file_path": "././dataset/custom/cat/img/000036.png",
            "transform_matrix": [
                [
                    0.0074051376230545715,
                    -0.999821437016813,
                    -0.017385569257820376,
                    2.1477723490109835
                ],
                [
                    0.9999307398537403,
                    0.007562754299753931,
                    -0.009017773724884492,
                    -2.0624133229127093
                ],
                [
                    0.009147646272964724,
                    -0.017317587275264435,
                    0.9998081924742507,
                    1.1305763590777322
                ],
                [
                    0.0,
                    0.0,
                    0.0,
                    1.0
                ]
            ],
            "colmap_im_id": 36
        },
        {
            "file_path": "././dataset/custom/cat/img/000037.png",
            "transform_matrix": [
                [
                    0.009821617495542279,
                    -0.9996712319999939,
                    -0.023684673132338043,
                    2.1328030418232298
                ],
                [
                    0.9999329918144196,
                    0.009963822347260532,
                    -0.005893566432630336,
                    -2.2162237306262567
                ],
                [
                    0.006127618692024929,
                    -0.023625201710179525,
                    0.999702106696449,
                    1.2630666085452649
                ],
                [
                    0.0,
                    0.0,
                    0.0,
                    1.0
                ]
            ],
            "colmap_im_id": 37
        },
        {
            "file_path": "././dataset/custom/cat/img/000038.png",
            "transform_matrix": [
                [
                    0.010401103144062998,
                    -0.9995628385196643,
                    -0.027675781902196092,
                    2.1091167242402995
                ],
                [
                    0.9999346973342791,
                    0.010528054892088965,
                    -0.004445348939401453,
                    -2.289665240368876
                ],
                [
                    0.004734777755126297,
                    -0.027627738067031907,
                    0.9996070677865923,
                    1.3077963090577571
                ],
                [
                    0.0,
                    0.0,
                    0.0,
                    1.0
                ]
            ],
            "colmap_im_id": 38
        },
        {
            "file_path": "././dataset/custom/cat/img/000039.png",
            "transform_matrix": [
                [
                    0.012052474788470465,
                    -0.9992884005176293,
                    -0.03574115894023527,
                    1.9620747422953861
                ],
                [
                    0.9999266174008873,
                    0.01200101802201052,
                    0.0016538983205735792,
                    -2.3629068253667973
                ],
                [
                    -0.0012237911148154596,
                    -0.035758469728908344,
                    0.9993597121046824,
                    1.589129242086769
                ],
                [
                    0.0,
                    0.0,
                    0.0,
                    1.0
                ]
            ],
            "colmap_im_id": 39
        },
        {
            "file_path": "././dataset/custom/cat/img/000040.png",
            "transform_matrix": [
                [
                    0.012157002523525199,
                    -0.9991758682162742,
                    -0.03872714376116366,
                    1.894763112909279
                ],
                [
                    0.9999147547219778,
                    0.01196324084509121,
                    0.0052310761578528075,
                    -2.366083669845769
                ],
                [
                    -0.004763462913670759,
                    -0.038787436661078506,
                    0.9992361303407383,
                    1.6340626115654278
                ],
                [
                    0.0,
                    0.0,
                    0.0,
                    1.0
                ]
            ],
            "colmap_im_id": 40
        },
        {
            "file_path": "././dataset/custom/cat/img/000041.png",
            "transform_matrix": [
                [
                    0.010111660607073856,
                    -0.9984981968079194,
                    -0.053843340266937025,
                    1.6284018047274464
                ],
                [
                    0.9994901164863432,
                    0.0084614752069079,
                    0.030788154920992357,
                    -2.3324950456091766
                ],
                [
                    -0.030286323082927936,
                    -0.05412720580869378,
                    0.9980746386044783,
                    1.6473481783176163
                ],
                [
                    0.0,
                    0.0,
                    0.0,
                    1.0
                ]
            ],
            "colmap_im_id": 41
        },
        {
            "file_path": "././dataset/custom/cat/img/000042.png",
            "transform_matrix": [
                [
                    0.006986334337582943,
                    -0.99828523738933,
                    -0.058118636796233226,
                    1.5037930388206848
                ],
                [
                    0.9988425285191009,
                    0.004200629312661908,
                    0.04791615526048236,
                    -2.241328645283819
                ],
                [
                    -0.047589855579656413,
                    -0.058386124412454124,
                    0.997159097698056,
                    1.6709066149078728
                ],
                [
                    0.0,
                    0.0,
                    0.0,
                    1.0
                ]
            ],
            "colmap_im_id": 42
        },
        {
            "file_path": "././dataset/custom/cat/img/000043.png",
            "transform_matrix": [
                [
                    -0.0004903308333727881,
                    -0.9973617434089165,
                    -0.07259002934288247,
                    1.0936129933812804
                ],
                [
                    0.9968850677530304,
                    -0.0062124353035312805,
                    0.07862294409798895,
                    -2.1398778338191566
                ],
                [
                    -0.07886647745848614,
                    -0.07232536506597208,
                    0.9942580753010579,
                    1.6476598599404886
                ],
                [
                    0.0,
                    0.0,
                    0.0,
                    1.0
                ]
            ],
            "colmap_im_id": 43
        },
        {
            "file_path": "././dataset/custom/cat/img/000044.png",
            "transform_matrix": [
                [
                    -0.0071304131991306976,
                    -0.996734457810673,
                    -0.08043368585656999,
                    0.7595535725831001
                ],
                [
                    0.9958201438976965,
                    -0.014402213401274129,
                    0.090193221789197,
                    -2.0314727886410013
                ],
                [
                    -0.09105711512661044,
