{
    "w": 720,
    "h": 1280,
    "fl_x": 1238.3084635532034,
    "fl_y": 1250.3176470790572,
    "cx": 344.73290042553305,
    "cy": 672.906940638669,
    "k1": -0.0005489562843819705,
    "k2": 2.0092793651146694e-07,
    "p1": 0.0041631165333501285,
    "p2": -0.0030657971794373776,
    "camera_model": "OPENCV",
    "frames": [
        {
            "file_path": "././dataset/custom/cat/img/000001.png",
            "transform_matrix": [
                [
                    0.001922999768531934,
                    -0.999982772701398,
                    -0.005545842795678226,
                    3.240821657247096
                ],
                [
                    0.999996366226547,
                    0.0019334447851190265,
                    -0.0018786497716950397,
                    -2.6650093686215746
                ],
                [
                    0.0018893399884668482,
                    -0.0055422100002657775,
                    0.9999828570044194,
                    0.02767896025104064
                ],
                [
                    0.0,
                    0.0,
                    0.0,
                    1.0
                ]
            ],
            "colmap_im_id": 1
        },
        {
            "file_path": "././dataset/custom/cat/img/000002.png",
            "transform_matrix": [
                [
                    0.0020937068985403397,
                    -0.99998302673211,
                    -0.005437153585388573,
                    3.2408233182216803
                ],
                [
                    0.9999960858357546,
                    0.0021037636996465462,
                    -0.001844584361381742,
                    -2.6650101174429888
                ],
                [
                    0.001855991539099574,
                    -0.005433270284474048,
                    0.9999835172988717,
                    0.0276835598347348
                ],
                [
                    0.0,
                    0.0,
                    0.0,
                    1.0
                ]
            ],
            "colmap_im_id": 2
        },
        {
            "file_path": "././dataset/custom/cat/img/000003.png",
            "transform_matrix": [
                [
                    0.0020146168074936053,
                    -0.9999873148285244,
                    -0.00461643814608374,
                    3.2408212760620083
                ],
                [
                    0.9999964793123889,
                    0.0020225651610293795,
                    -0.001717729022980393,
                    -2.6650089856865438
                ],
                [
                    0.0017270442802555042,
                    -0.004612961327286737,
                    0.9999878688793413,
                    0.027681255521253712
                ],
                [
                    0.0,
                    0.0,
                    0.0,
                    1.0
                ]
            ],
            "colmap_im_id": 3
        },
        {
            "file_path": "././dataset/custom/cat/img/000004.png",
            "transform_matrix": [
                [
                    0.0015429734086711408,
                    -0.999991740781608,
                    -0.00376000021669064,
                    3.2408238305103083
                ],
                [
                    0.9999977520923128,
                    0.0015484291222064165,
                    -0.001448508741728409,
                    -2.665009215777454
                ],
                [
                    0.0014543188720133945,
                    -0.003757756754086535,
                    0.9999918820774475,
                    0.02769379339792396
                ],
                [
                    0.0,
                    0.0,
                    0.0,
                    1.0
                ]
            ],
            "colmap_im_id": 4
        },
        {
            "file_path": "././dataset/custom/cat/img/000005.png",
            "transform_matrix": [
                [
                    0.0013078455620977804,
                    -0.9999953993476061,
                    -0.002736936902425312,
                    3.2408291960979643
                ],
                [
                    0.9999989288288017,
                    0.0013096390355232701,
                    -0.0006535953227267626,
                    -2.665010275685782
                ],
                [
                    0.0006571767151670565,
                    -0.002736079168955095,
                    0.9999960409869363,
                    0.027711127364551995
                ],
                [
                    0.0,
                    0.0,
                    0.0,
                    1.0
                ]
            ],
            "colmap_im_id": 5
        },
        {
            "file_path": "././dataset/custom/cat/img/000006.png",
            "transform_matrix": [
                [
                    0.0009271934572604088,
                    -0.9999938589920662,
                    -0.003379687921734867,
                    3.1902871701941646
                ],
                [
                    0.9999995169462554,
                    0.0009260855895144126,
                    0.000329351995348025,
                    -2.6779587516845997
                ],
                [
                    -0.000326220092513434,
                    -0.0033799916621791827,
                    0.9999942346017875,
                    0.013281321792375901
                ],
                [
                    0.0,
                    0.0,
                    0.0,
                    1.0
                ]
            ],
            "colmap_im_id": 6
        },
        {
            "file_path": "././dataset/custom/cat/img/000007.png",
            "transform_matrix": [
                [
                    0.0009718544766820185,
                    -0.9999993880393924,
                    -0.0005286016617709995,
                    3.240837988848011
                ],
                [
                    0.9999987566583686,
                    0.0009711971492268677,
                    0.0012423597765799104,
                    -2.6650103662983375
                ],
                [
                    -0.0012418456398776785,
                    -0.0005298083974490656,
                    0.999999088560819,
                    0.02773249183193753
                ],
                [
                    0.0,
                    0.0,
                    0.0,
                    1.0
                ]
            ],
            "colmap_im_id": 7
        },
        {
            "file_path": "././dataset/custom/cat/img/000008.png",
            "transform_matrix": [
                [
                    0.0008800640035132772,
                    -0.9999995847904716,
                    -0.00023644499232543505,
                    3.2408380901190923
                ],
                [
                    0.9999985388763476,
                    0.0008797165200259219,
                    0.0014657230347625077,
                    -2.6650105240043174
                ],
                [
                    -0.0014655144216145113,
                    -0.0002377345769320789,
                    0.9999988978742683,
                    0.027737737030796343
                ],
                [
                    0.0,
                    0.0,
                    0.0,
                    1.0
                ]
            ],
            "colmap_im_id": 8
        },
        {
            "file_path": "././dataset/custom/cat/img/000009.png",
            "transform_matrix": [
                [
                    -0.00031108218697753395,
                    -0.999999270036917,
                    -0.0011675416507358637,
                    3.210240232586837
                ],
                [
                    0.9999984842758436,
                    -0.0003130816214295996,
                    0.0017127247045662852,
                    -2.6646272799186033
                ],
                [
                    -0.0017130889901735783,
                    -0.001167007082917993,
                    0.9999978517079824,
                    0.023028752481531748
                ],
                [
                    0.0,
                    0.0,
                    0.0,
                    1.0
                ]
            ],
            "colmap_im_id": 9
        },
        {
            "file_path": "././dataset/custom/cat/img/000010.png",
            "transform_matrix": [
                [
                    -0.0001521375650484605,
                    -0.9999998891535397,
                    0.0004455862087556599,
                    3.240830788572486
                ],
                [
                    0.9999982327254543,
                    -0.00015130231083900901,
                    0.0018739406550814983,
                    -2.665007184288178
                ],
                [
                    -0.0018738730291387475,
                    0.00044587051805080474,
                    0.9999981448979552,
                    0.02771608856272534
                ],
                [
                    0.0,
                    0.0,
                    0.0,
                    1.0
                ]
            ],
            "colmap_im_id": 10
        },
        {
            "file_path": "././dataset/custom/cat/img/000011.png",
            "transform_matrix": [
                [
                    -0.00028829497556714175,
                    -0.9999991833759202,
                    0.001245043573508084,
                    3.2248863426877312
                ],
                [
                    0.9999970154551613,
                    -0.0002852733017780502,
                    0.0024264583064715858,
                    -2.655486725623549
                ],
                [
                    -0.0024261011472762315,
                    0.0012457393933578919,
                    0.9999962810763783,
                    0.016166291773344985
                ],
                [
                    0.0,
                    0.0,
                    0.0,
                    1.0
                ]
            ],
            "colmap_im_id": 11
        },
        {
            "file_path": "././dataset/custom/cat/img/000012.png",
            "transform_matrix": [
                [
                    -0.000525194200620244,
                    -0.9999907798245116,
                    0.004261975717534106,
                    3.273668024637756
                ],
                [
                    0.9999995874634346,
                    -0.0005220306928019228,
                    0.0007433417224958775,
                    -2.6891756229453367
                ],
                [
                    -0.000741109986618219,
                    0.004262364358075016,
                    0.9999906414592421,
                    0.02445377297903119
                ],
                [
                    0.0,
                    0.0,
                    0.0,
                    1.0
                ]
            ],
            "colmap_im_id": 12
        },
        {
            "file_path": "././dataset/custom/cat/img/000013.png",
            "transform_matrix": [
                [
                    -0.0008223032728658521,
                    -0.9999904279168531,
                    0.004297428533018758,
                    3.2408285288465613
                ],
                [
                    0.9999986706592503,
                    -0.00081624403070408,
                    0.0014115330015719231,
                    -2.6650078882361674
                ],
                [
                    -0.001408011739873213,
                    0.0042985835284788405,
                    0.9999897697889659,
                    0.027719114471653355
                ],
                [
                    0.0,
                    0.0,
                    0.0,
                    1.0
                ]
            ],
            "colmap_im_id": 13
        },
        {
            "file_path": "././dataset/custom/cat/img/000014.png",
            "transform_matrix": [
                [
                    -0.0008443570683420923,
                    -0.999990207406615,
                    0.004344209020793722,
                    3.240825347666457
                ],
                [
                    0.9999985639527161,
                    -0.0008379647785008447,
                    0.0014730606014327248,
                    -2.6650067259957
                ],
                [
                    -0.0014694058821993529,
                    0.004345446571435072,
                    0.9999894789148773,
                    0.027709308264158277
                ],
                [
                    0.0,
                    0.0,
                    0.0,
                    1.0
                ]
            ],
            "colmap_im_id": 14
        },
        {
            "file_path": "././dataset/custom/cat/img/000015.png",
            "transform_matrix": [
                [
                    -0.0029329140633162676,
                    -0.9999860168510795,
                    0.0044004678626148935,
                    3.240830414848458
                ],
                [
                    0.9999949633398879,
                    -0.002927545802349285,
                    0.0012258753734945332,
                    -2.665005991419852
                ],
                [
                    -0.0012129756606770563,
                    0.00440404108607673,
                    0.9999895665016504,
                    0.027724139221672106
                ],
                [
                    0.0,
                    0.0,
                    0.0,
                    1.0
                ]
            ],
            "colmap_im_id": 15
        },
        {
            "file_path": "././dataset/custom/cat/img/000016.png",
            "transform_matrix": [
                [
                    -0.003486428045252464,
                    -0.9999866681738862,
                    0.003808975449580197,
                    3.2408275804496793
                ],
                [
                    0.9999933129357957,
                    -0.0034821953185738665,
                    0.0011173179741458157,
                    -2.665005130446959
                ],
                [
                    -0.0011040394817777796,
                    0.003812845427437339,
                    0.9999921216222502,
                    0.02771535231636753
                ],
                [
                    0.0,
                    0.0,
                    0.0,
                    1.0
                ]
            ],
            "colmap_im_id": 16
        },
        {
            "file_path": "././dataset/custom/cat/img/000017.png",
            "transform_matrix": [
                [
                    -0.004247784643560979,
                    -0.9999867655832001,
                    0.0029025823109232996,
                    3.240823299032913
                ],
                [
                    0.9999901405562975,
                    -0.004244006419953327,
                    0.0013065985242483884,
                    -2.6650028716255303
                ],
                [
                    -0.0012942626542169272,
                    0.0029081038422230153,
                    0.9999949338952797,
                    0.02770896979938787
                ],
                [
                    0.0,
                    0.0,
                    0.0,
                    1.0
                ]
            ],
            "colmap_im_id": 17
        },
        {
            "file_path": "././dataset/custom/cat/img/000018.png",
            "transform_matrix": [
                [
                    -0.004476348599094769,
                    -0.9999863779265218,
                    0.0026844486612718744,
                    3.240825301133851
                ],
                [
                    0.9999887675096171,
                    -0.0044721447601858795,
                    0.0015699604584105242,
                    -2.6650018978569205
                ],
                [
                    -0.0015579338292793065,
                    0.002691446198526743,
                    0.9999951644680808,
                    0.027715350652383185
                ],
                [
                    0.0,
                    0.0,
                    0.0,
                    1.0
                ]
            ],
            "colmap_im_id": 18
        },
        {
            "file_path": "././dataset/custom/cat/img/000019.png",
            "transform_matrix": [
                [
                    -0.005230447204414751,
                    -0.9999824865411691,
                    0.002769301894456802,
                    3.2408308880016237
                ],
                [
                    0.9999817566447623,
                    -0.005222035902168856,
                    0.0030359049214196783,
                    -2.6650021860670585
                ],
                [
                    -0.0030213903583070248,
                    0.0027851305135076893,
                    0.9999915570885213,
                    0.027730533065859937
                ],
                [
                    0.0,
                    0.0,
                    0.0,
                    1.0
                ]
            ],
            "colmap_im_id": 19
        },
        {
            "file_path": "././dataset/custom/cat/img/000020.png",
            "transform_matrix": [
                [
                    -0.003663567294114404,
                    -0.9999635153462947,
                    0.007716621732470675,
                    3.3596613598386327
                ],
                [
                    0.9999929341315895,
                    -0.00366995896707269,
                    -0.0008143022009529868,
                    -2.77362647041452
                ],
                [
                    0.0008425921765417625,
                    0.007713583956926002,
                    0.9999698948773224,
                    0.0687808308032172
                ],
                [
                    0.0,
                    0.0,
                    0.0,
                    1.0
                ]
            ],
            "colmap_im_id": 20
        },
        {
            "file_path": "././dataset/custom/cat/img/000021.png",
            "transform_matrix": [
                [
                    -0.007520053841155079,
                    -0.9999681860142274,
                    0.00266002812800022,
                    3.2408452006839887
                ],
                [
                    0.9999592699567896,
                    -0.007506657389103952,
                    0.005010840481085454,
                    -2.665000828790852
                ],
                [
                    -0.004990713146475403,
                    0.0026976015751468277,
                    0.9999839077345353,
                    0.027782534554300443
                ],
                [
                    0.0,
                    0.0,
                    0.0,
                    1.0
                ]
            ],
            "colmap_im_id": 21
        },
        {
            "file_path": "././dataset/custom/cat/img/000022.png",
            "transform_matrix": [
                [
                    -0.00358677884512315,
                    -0.9999559601869742,
                    0.008672525817928054,
                    3.3976906331824557
                ],
                [
                    0.9999904371625636,
                    -0.003608332701059614,
                    -0.002470934750945523,
                    -2.8374701707584364
                ],
                [
                    0.002502119289950707,
                    0.008663580187481121,
                    0.9999593400620816,
                    0.08677566359021782
                ],
                [
                    0.0,
                    0.0,
                    0.0,
                    1.0
                ]
            ],
            "colmap_im_id": 22
        },
        {
            "file_path": "././dataset/custom/cat/img/000023.png",
            "transform_matrix": [
                [
                    -0.004677165210340709,
                    -0.9999531933005259,
                    0.00846967140310223,
                    3.401821171475266
                ],
                [
                    0.9999885049182747,
                    -0.004685935080450517,
                    -0.001015895533789633,
                    -2.782758287860918
                ],
                [
                    0.0010555363134203712,
                    0.008464822532289284,
                    0.9999636156493835,
                    0.0058693157895951305
                ],
                [
                    0.0,
                    0.0,
                    0.0,
                    1.0
                ]
            ],
            "colmap_im_id": 23
        },
        {
            "file_path": "././dataset/custom/cat/img/000024.png",
            "transform_matrix": [
                [
                    -0.004719384577719248,
                    -0.9999523702205366,
                    0.008543108306617917,
                    3.4058948154727244
                ],
                [
                    0.9999873699328374,
                    -0.004733971580512247,
                    -0.001688042618357492,
                    -2.7700602725489
                ],
                [
                    0.0017284050491926221,
                    0.00853503388428662,
                    0.9999620821874098,
                    -0.0012618532325349595
                ],
                [
                    0.0,
                    0.0,
                    0.0,
                    1.0
                ]
            ],
            "colmap_im_id": 24
        },
        {
            "file_path": "././dataset/custom/cat/img/000025.png",
            "transform_matrix": [
                [
                    -0.005876811639944591,
                    -0.9999496656403332,
                    0.008131990576403238,
                    3.3965478248754932
                ],
                [
                    0.999982649671008,
                    -0.005879904545606139,
                    -0.000356482096171211,
                    -2.65757725385381
                ],
                [
                    0.00040427948122818725,
                    0.008129754505559169,
                    0.999966871276134,
                    -0.05693566644973162
                ],
                [
                    0.0,
                    0.0,
                    0.0,
                    1.0
                ]
            ],
            "colmap_im_id": 25
        },
        {
            "file_path": "././dataset/custom/cat/img/000026.png",
            "transform_matrix": [
                [
                    -0.00479263358544909,
                    -0.9999491302731911,
                    0.008875107278477666,
                    3.3945935823672326
                ],
                [
                    0.9999829893756244,
                    -0.004821923410072798,
                    -0.0032817699519495304,
                    -2.656876148247018
                ],
                [
                    0.003324398096761624,
                    0.008859227986470024,
                    0.9999552302262229,
                    -0.06203339339678267
                ],
                [
                    0.0,
                    0.0,
                    0.0,
                    1.0
                ]
            ],
            "colmap_im_id": 26
        },
        {
            "file_path": "././dataset/custom/cat/img/000027.png",
            "transform_matrix": [
                [
                    -0.006428247534951234,
                    -0.9999688766309198,
                    0.004574210656044641,
                    3.1270139667008934
                ],
                [
                    0.9999779764642786,
                    -0.0064357216685365605,
                    -0.0016211332492857857,
                    -2.374469971045655
                ],
                [
                    0.0016505211407928974,
                    0.0045636888699393105,
                    0.9999882241925961,
                    0.017099460206155038
                ],
                [
                    0.0,
                    0.0,
                    0.0,
                    1.0
                ]
            ],
            "colmap_im_id": 27
        },
        {
            "file_path": "././dataset/custom/cat/img/000028.png",
            "transform_matrix": [
                [
                    -0.0066853943861867,
                    -0.9999735514889324,
                    0.002863882768628779,
                    2.9502029113614436
                ],
                [
                    0.9999741397788428,
                    -0.006692934612533341,
                    -0.0026314254379990725,
                    -2.2472638692166216
                ],
                [
                    0.0026505236208226447,
                    0.002846216591136146,
                    0.9999924368592255,
                    0.17964068493383248
                ],
                [
                    0.0,
                    0.0,
                    0.0,
                    1.0
                ]
            ],
            "colmap_im_id": 28
        },
        {
            "file_path": "././dataset/custom/cat/img/000029.png",
            "transform_matrix": [
                [
                    -0.006169851295388589,
                    -0.999980954046221,
                    0.00015646022530412776,
                    2.5720682377202997
                ],
                [
                    0.9999706903329495,
                    -0.0061704971360717325,
                    -0.004532487191147736,
                    -2.014839250541426
                ],
                [
                    0.004533366302978338,
                    0.00012849086753938244,
                    0.9999897159871495,
                    0.4762730518750623
                ],
                [
                    0.0,
                    0.0,
                    0.0,
                    1.0
                ]
            ],
            "colmap_im_id": 29
        },
        {
            "file_path": "././dataset/custom/cat/img/000030.png",
            "transform_matrix": [
                [
                    -0.0052891218019978595,
                    -0.9999857066018955,
                    -0.0007821652455501187,
                    2.405780644445359
                ],
                [
                    0.9999691282880845,
                    -0.005284485594814928,
                    -0.005815211326041802,
                    -1.954328027921686
                ],
                [
                    0.005810994865938381,
                    -0.0008128984597777804,
                    0.9999827856192137,
                    0.5305775492592342
                ],
                [
                    0.0,
                    0.0,
                    0.0,
                    1.0
                ]
            ],
            "colmap_im_id": 30
        },
        {
            "file_path": "././dataset/custom/cat/img/000031.png",
            "transform_matrix": [
                [
                    -0.0034355484753962953,
                    -0.9999918248746811,
                    -0.0021324142370416086,
                    2.1673524990969737
                ],
                [
                    0.9999531388627254,
                    -0.0034160996500651143,
                    -0.00905816437054076,
                    -1.9411156448078744
                ],
                [
                    0.009050805779382918,
                    -0.002163434072478421,
                    0.9999567002964469,
                    0.8261455884597783
                ],
                [
                    0.0,
                    0.0,
                    0.0,
                    1.0
                ]
            ],
            "colmap_im_id": 31
        },
        {
            "file_path": "././dataset/custom/cat/img/000032.png",
            "transform_matrix": [
                [
                    -0.0020118929937863526,
                    -0.9999943055933062,
                    -0.0027094404483068144,
                    2.110136651071509
                ],
                [
                    0.9999441777072686,
                    -0.0019836729347154397,
                    -0.010378174744264798,
                    -1.9703945402520877
                ],
                [
                    0.010372741003031533,
                    -0.0027301689781852475,
                    0.9999424745561288,
                    0.8871862843288382
                ],
                [
                    0.0,
                    0.0,
                    0.0,
                    1.0
                ]
            ],
            "colmap_im_id": 32
        },
        {
            "file_path": "././dataset/custom/cat/img/000033.png",
            "transform_matrix": [
                [
                    0.0006562076074978283,
                    -0.9999919576809799,
                    -0.003956509185758125,
                    2.111601530806315
                ],
                [
                    0.9999511677649845,
                    0.0006951841490294633,
                    -0.009857931042706691,
                    -1.9506464898355789
                ],
                [
                    0.009860602264551795,
                    -0.0039498471312273105,
                    0.9999435820238162,
                    0.9819828402592692
                ],
                [
                    0.0,
                    0.0,
                    0.0,
                    1.0
                ]
            ],
            "colmap_im_id": 33
        },
        {
            "file_path": "././dataset/custom/cat/img/000034.png",
            "transform_matrix": [
                [
                    0.0021984718604054995,
                    -0.9999737189880361,
                    -0.006908549392977167,
                    2.1278003522497086
                ],
                [
                    0.9999556179974594,
                    0.002261618487716569,
                    -0.009145879790113495,
                    -1.9232349201553018
                ],
                [
                    0.009161263930167769,
                    -0.00688813581836324,
                    0.9999343102565036,
                    1.0224371638486096
                ],
                [
                    0.0,
                    0.0,
                    0.0,
                    1.0
                ]
            ],
            "colmap_im_id": 34
        },
        {
            "file_path": "././dataset/custom/cat/img/000035.png",
            "transform_matrix": [
                [
                    0.005912942720319833,
                    -0.9998869394352373,
                    -0.013825536344760152,
                    2.1522616893532054
                ],
                [
                    0.9999352580597904,
                    0.0060465143494683815,
                    -0.009639468508281068,
                    -1.9992989985457479
                ],
                [
                    0.009721974968425199,
                    -0.013767643627568962,
                    0.9998579575077942,
                    1.0910665667779762
                ],
                [
                    0.0,
                    0.0,
                    0.0,
                    1.0
                ]
            ],
            "colmap_im_id": 35
        },
        {
            "file_path": "././dataset/custom/cat/img/000036.png",
            "transform_matrix": [
                [
                    0.007389311489643556,
                    -0.999821736548314,
                    -0.017375074135751886,
                    2.1496346327290454
                ],
                [
                    0.9999303671553902,
                    0.007547760464229283,
                    -0.009071502216343626,
                    -2.063357270481124
                ],
                [
                    0.009201027996671446,
                    -0.01730683210435895,
                    0.9998078888698149,
                    1.1243147853941626
                ],
                [
                    0.0,
                    0.0,
                    0.0,
                    1.0
                ]
            ],
            "colmap_im_id": 36
        },
        {
            "file_path": "././dataset/custom/cat/img/000037.png",
            "transform_matrix": [
                [
                    0.009837220058484197,
                    -0.9996724499296206,
                    -0.023626721169706537,
                    2.135909879303429
                ],
                [
                    0.9999324879591328,
                    0.009980420352098692,
                    -0.005950691846680291,
                    -2.2167350172927454
                ],
                [
                    0.006184547305962608,
                    -0.02356658781634535,
                    0.999703139593607,
                    1.2574699074134077
                ],
                [
                    0.0,
                    0.0,
                    0.0,
                    1.0
                ]
            ],
            "colmap_im_id": 37
        },
        {
            "file_path": "././dataset/custom/cat/img/000038.png",
            "transform_matrix": [
                [
                    0.0104088565303659,
                    -0.9995642016131003,
                    -0.027623587009937747,
                    2.1121443033582787
                ],
                [
                    0.9999343518252956,
                    0.010537106471106538,
                    -0.004501269481229386,
                    -2.289784765342858
                ],
                [
                    0.0047903805126880555,
                    -0.027574920503637124,
                    0.9996082612772672,
                    1.301906188370876
                ],
                [
                    0.0,
                    0.0,
                    0.0,
                    1.0
                ]
            ],
            "colmap_im_id": 38
        },
        {
            "file_path": "././dataset/custom/cat/img/000039.png",
            "transform_matrix": [
                [
                    0.012060805354764805,
                    -0.9992900746775645,
                    -0.03569150634397703,
                    1.9651781112420783
                ],
                [
                    0.9999265854898405,
                    0.012011473153687701,
                    0.001596290483296744,
                    -2.362613471468234
                ],
                [
                    -0.0011664496659953344,
                    -0.03570813861833063,
                    0.9993615803259552,
                    1.5820498333527213
                ],
                [
                    0.0,
                    0.0,
                    0.0,
                    1.0
                ]
            ],
            "colmap_im_id": 39
        },
        {
            "file_path": "././dataset/custom/cat/img/000040.png",
            "transform_matrix": [
                [
                    0.012165256683247189,
                    -0.9991776620688196,
                    -0.0386782387463315,
                    1.8980086297319059
                ],
                [
                    0.9999149231513687,
                    0.011973943947217163,
                    0.005174082096518057,
                    -2.3657525290456016
                ],
                [
                    -0.004706696189825394,
                    -0.03873789216047269,
                    0.9992383212837368,
                    1.6266646567544325
                ],
                [
                    0.0,
                    0.0,
                    0.0,
                    1.0
                ]
            ],
            "colmap_im_id": 40
        },
        {
            "file_path": "././dataset/custom/cat/img/000041.png",
            "transform_matrix": [
                [
                    0.010257080873441902,
                    -0.998504914622822,
                    -0.053691039904502226,
                    1.6353598920531434
                ],
                [
                    0.9994975344401336,
                    0.00862724949260273,
                    0.030499987119449366,
                    -2.3379529163498622
                ],
                [
                    -0.029991181037929523,
                    -0.053976902840599916,
                    0.9980916906876275,
                    1.6426258580303328
                ],
                [
                    0.0,
                    0.0,
                    0.0,
                    1.0
                ]
            ],
            "colmap_im_id": 41
        },
        {
            "file_path": "././dataset/custom/cat/img/000042.png",
            "transform_matrix": [
                [
                    0.007207678693500949,
                    -0.9982822566174931,
                    -0.05814280256864921,
                    1.507041595168745
                ],
                [
                    0.9988472917100614,
                    0.0044279688816633795,
                    0.0477962439429989,
                    -2.2440713167476836
                ],
                [
                    -0.04745668774079045,
                    -0.0584202808472254,
                    0.9971634437615554,
                    1.664097401872507
                ],
                [
                    0.0,
                    0.0,
                    0.0,
                    1.0
                ]
            ],
            "colmap_im_id": 42
        },
        {
            "file_path": "././dataset/custom/cat/img/000043.png",
            "transform_matrix": [
                [
                    -0.00048029135203033044,
                    -0.9973729138705976,
                    -0.07243645489317342,
                    1.1010202178973887
                ],
                [
                    0.9968916026024198,
                    -0.006184367994114459,
                    0.07854225775525324,
                    -2.141721462534205
                ],
                [
                    -0.0787838941725809,
                    -0.07217357043812474,
                    0.9942756527991705,
                    1.6349490337698351
                ],
                [
                    0.0,
                    0.0,
                    0.0,
                    1.0
                ]
            ],
            "colmap_im_id": 43
        },
        {
            "file_path": "././dataset/custom/cat/img/000044.png",
            "transform_matrix": [
                [
                    -0.007007261259218257,
                    -0.9967408251506863,
                    -0.08036557576210175,
                    0.7664907618214106
                ],
                [
                    0.9958130433405193,
                    -0.014280744180633706,
                    0.09029088026229651,
                    -2.030152426010167
                ],
                [
                    -0.09114428672461115,
